Annotation Cluster 1	Enrichment Score: 22.02935258775959
Category	Term	Count	%	PValue	Genes	List Total	Pop Hits	Pop Total	Fold Enrichment	Bonferroni	Benjamini	FDR
GOTERM_CC_FAT	GO:0045202~synapse	79	11.38328530259366	5.161182541959384E-35	10243, 2913, 8927, 2911, 57030, 57679, 2743, 27445, 2898, 9699, 2893, 534, 203190, 6616, 9145, 2066, 2902, 2903, 2065, 2905, 22941, 6506, 477, 273, 9211, 56899, 2563, 134957, 440279, 2565, 2566, 9783, 23025, 2562, 2561, 1740, 3708, 22999, 55450, 869, 8618, 5663, 3897, 57692, 58512, 3751, 23017, 2559, 9478, 2554, 2555, 643866, 22895, 9378, 8851, 2550, 2045, 26052, 9522, 6855, 9899, 6853, 143425, 6854, 9568, 320, 6857, 23345, 9892, 1739, 132204, 55530, 115827, 5573, 9229, 6860, 7534, 93664, 85358	512	346	11732	5.231823518786127	1.9406046357767282E-32	1.9406046357767282E-32	7.134001493735023E-32
GOTERM_CC_FAT	GO:0044456~synapse part	64	9.221902017291066	1.661523328188762E-32	10243, 2913, 2911, 57030, 57679, 2743, 27445, 2898, 2893, 534, 203190, 9145, 2066, 2902, 2903, 2065, 2905, 22941, 6506, 273, 56899, 2563, 134957, 2565, 2566, 2562, 2561, 1740, 3708, 22999, 55450, 3897, 57692, 3751, 58512, 23017, 2559, 9478, 2554, 2555, 22895, 9378, 2550, 2045, 26052, 9522, 6855, 9899, 6853, 6854, 143425, 9568, 320, 6857, 23345, 9892, 1739, 132204, 55530, 115827, 9229, 6860, 7534, 85358	512	239	11732	6.135983263598326	6.247327713989745E-30	3.1236638569948724E-30	2.2966267534250477E-29
SP_PIR_KEYWORDS	synapse	55	7.92507204610951	2.8863837704016805E-30	10243, 8927, 57030, 27445, 2743, 2898, 9699, 2893, 203190, 6616, 9145, 2902, 2903, 2905, 22941, 273, 9211, 56899, 2563, 134957, 440279, 2565, 2566, 9783, 23025, 2562, 2561, 1740, 22999, 869, 8618, 55450, 58512, 23017, 2559, 9478, 2554, 22895, 643866, 2555, 2550, 9899, 6855, 6853, 143425, 6854, 9568, 6857, 1739, 132204, 55530, 9229, 6860, 93664, 85358	673	207	17642	6.9650637781653995	1.2440314050431243E-27	1.2440314050431243E-27	4.069657581258497E-27
SP_PIR_KEYWORDS	cell junction	65	9.36599423631124	1.3479176929400166E-23	10207, 10243, 9071, 8927, 9414, 57030, 2743, 27445, 2898, 9699, 2893, 8502, 203190, 6616, 9145, 2902, 2903, 2905, 22941, 273, 9211, 56899, 2563, 134957, 440279, 2565, 2566, 9783, 23025, 2562, 2561, 1740, 22999, 869, 8618, 55450, 5010, 58512, 23017, 23092, 2559, 10804, 9478, 2554, 58480, 2555, 643866, 22895, 2550, 6855, 9899, 5058, 6853, 6854, 143425, 9568, 6857, 1739, 132204, 55530, 85458, 9229, 6860, 93664, 85358	673	389	17642	4.3802259002204	5.809525256571471E-21	2.9047626282857357E-21	1.9004969173667467E-20
GOTERM_CC_FAT	GO:0030054~cell junction	73	10.518731988472622	1.0195040151767191E-19	10207, 10243, 9071, 8927, 9414, 57030, 2743, 27445, 2898, 9699, 2893, 283999, 8502, 6616, 9145, 23037, 2902, 2903, 2905, 8874, 22941, 273, 5590, 56899, 2563, 80725, 134957, 440279, 2565, 2566, 9783, 23025, 2562, 2561, 1740, 22999, 869, 8618, 55450, 5010, 58512, 9218, 23017, 23092, 2559, 10804, 9478, 2554, 2555, 58480, 643866, 22895, 2550, 6855, 9899, 5058, 6853, 6854, 143425, 9568, 6857, 1305, 1739, 132204, 6326, 85458, 55530, 29119, 9229, 6860, 83543, 93664, 85358	512	505	11732	3.3123298267326735	3.833335097064464E-17	1.2777783656881546E-17	1.4092009162648997E-16
GOTERM_CC_FAT	GO:0045211~postsynaptic membrane	32	4.610951008645533	5.034603293096089E-15	2562, 10243, 2561, 2913, 1740, 55450, 2743, 57692, 2898, 58512, 2893, 23017, 2559, 9478, 2554, 2555, 2902, 2903, 2550, 2065, 2905, 2045, 22941, 9568, 23345, 1739, 56899, 9229, 2563, 2565, 2566, 85358	512	131	11732	5.5973282442748085	1.878497357665765E-12	3.7569947153315297E-13	6.905587213168474E-12
SP_PIR_KEYWORDS	postsynaptic cell membrane	27	3.890489913544669	2.8591889596861755E-14	2562, 10243, 2561, 1740, 55450, 2743, 2898, 58512, 2893, 23017, 2559, 9478, 2554, 2555, 2902, 2903, 2550, 2905, 22941, 9568, 1739, 56899, 9229, 2563, 2565, 2566, 85358	673	108	17642	6.553491827637444	1.2345457989226816E-11	2.469136006766348E-12	4.0389913635863195E-11
GOTERM_CC_FAT	GO:0014069~postsynaptic density	21	3.025936599423631	1.189348510332753E-11	2066, 2902, 2903, 2913, 1740, 2905, 26052, 3708, 22941, 55450, 2911, 57679, 1739, 3751, 58512, 56899, 2893, 9229, 7534, 9478, 85358	512	71	11732	6.777398767605634	4.47195080965912E-9	4.968834232954578E-10	1.643967184605799E-8

Annotation Cluster 2	Enrichment Score: 19.49434205242422
Category	Term	Count	%	PValue	Genes	List Total	Pop Hits	Pop Total	Fold Enrichment	Bonferroni	Benjamini	FDR
GOTERM_BP_FAT	GO:0019226~transmission of nerve impulse	66	9.510086455331413	5.493954066324604E-26	783, 2913, 8927, 2911, 57030, 57679, 2743, 27445, 2898, 745, 2893, 6616, 4155, 2902, 773, 2903, 2905, 774, 6310, 6505, 51090, 6506, 4118, 4884, 477, 273, 6511, 5653, 3785, 2563, 440279, 2565, 26047, 2566, 6014, 2562, 2561, 9369, 22999, 869, 5048, 5663, 5354, 51552, 5010, 3751, 57468, 2559, 23095, 2555, 1267, 9378, 814, 27345, 6853, 6854, 9568, 320, 6857, 321, 5530, 291, 6327, 9229, 6860, 112755	510	348	12557	4.669607843137255	1.2092192899980452E-22	1.2092192899980452E-22	9.551478286714623E-23
GOTERM_BP_FAT	GO:0007268~synaptic transmission	60	8.645533141210375	4.372533281320294E-25	783, 2913, 8927, 2911, 57030, 57679, 2743, 27445, 2898, 2893, 6616, 4155, 773, 2902, 2903, 2905, 774, 6505, 6310, 6506, 4884, 477, 273, 6511, 3785, 2563, 440279, 2565, 2566, 6014, 2562, 2561, 9369, 22999, 869, 5048, 5663, 5354, 51552, 3751, 57468, 2559, 23095, 2555, 1267, 9378, 814, 27345, 6853, 6854, 9568, 320, 6857, 321, 5530, 291, 6327, 9229, 6860, 112755	510	297	12557	4.9740542681719155	9.623945752185967E-22	4.8119728760929835E-22	7.601839438458866E-22
GOTERM_BP_FAT	GO:0007267~cell-cell signaling	70	10.086455331412104	1.1287052887300213E-15	783, 2913, 2254, 8927, 2911, 57030, 57679, 2743, 27445, 2898, 2893, 4760, 6616, 4155, 2902, 773, 2903, 2905, 774, 6310, 6505, 6506, 4884, 477, 273, 2259, 6511, 3785, 2257, 2563, 440279, 2565, 2566, 6014, 2562, 2561, 9369, 22999, 869, 5048, 5663, 5354, 51552, 3751, 58512, 57468, 2559, 23095, 2555, 1267, 9378, 814, 27345, 818, 6853, 6854, 26585, 9568, 320, 6857, 321, 5530, 291, 6327, 9229, 6860, 7534, 11069, 5100, 112755	510	593	12557	2.9064246271864564	2.4436008771999695E-12	6.108447081487611E-13	1.9317880628477724E-12
GOTERM_BP_FAT	GO:0050877~neurological system process	85	12.247838616714697	3.8853762616929666E-14	783, 2913, 2334, 8927, 2911, 57030, 57679, 2743, 27445, 2898, 745, 4761, 2893, 6616, 4155, 2902, 773, 2903, 2905, 774, 1428, 6310, 6505, 51090, 3815, 5923, 6506, 4118, 478, 4884, 477, 273, 6511, 83394, 1040, 5590, 5653, 3785, 51764, 2563, 440279, 2565, 26047, 2566, 6014, 2562, 2561, 9369, 762, 22999, 869, 5048, 5663, 5354, 1027, 51552, 5010, 3751, 107, 57468, 2559, 10804, 23095, 2555, 1267, 9378, 814, 27345, 6853, 25769, 2778, 6854, 9568, 320, 6857, 321, 793, 5530, 291, 491, 6327, 9229, 5575, 6860, 112755	510	870	12557	2.4055555555555554	8.552603070199893E-11	1.7105206140399787E-11	6.755707104844078E-11

Annotation Cluster 3	Enrichment Score: 7.49225021574547
Category	Term	Count	%	PValue	Genes	List Total	Pop Hits	Pop Total	Fold Enrichment	Bonferroni	Benjamini	FDR
GOTERM_BP_FAT	GO:0051969~regulation of transmission of nerve impulse	26	3.7463976945244957	7.277750043740126E-10	2913, 5663, 2911, 2898, 745, 2893, 7018, 9145, 2066, 6812, 773, 2902, 2903, 2905, 27345, 6855, 5923, 3815, 25769, 54899, 793, 5530, 491, 9211, 5590, 7533	510	145	12557	4.414901960784314	1.6018313857557587E-6	1.601832539943615E-7	1.2652684233671607E-6
GOTERM_BP_FAT	GO:0031644~regulation of neurological system process	26	3.7463976945244957	1.7527824980014177E-9	2913, 5663, 2911, 2898, 745, 2893, 7018, 9145, 2066, 6812, 773, 2902, 2903, 2905, 27345, 6855, 5923, 3815, 25769, 54899, 793, 5530, 491, 9211, 5590, 7533	510	151	12557	4.239475392806129	3.857866788692377E-6	3.507157776416747E-7	3.047288588131636E-6
GOTERM_BP_FAT	GO:0050804~regulation of synaptic transmission	24	3.45821325648415	3.846030005041327E-9	2066, 6812, 2902, 773, 2903, 2913, 2905, 27345, 6855, 5663, 3815, 5923, 25769, 2911, 54899, 793, 5530, 491, 9211, 2898, 5590, 2893, 7533, 9145	510	134	12557	4.409833187006146	8.465076327346388E-6	7.054257642469253E-7	6.686490439111736E-6
GOTERM_BP_FAT	GO:0044057~regulation of system process	33	4.755043227665706	8.504227905496049E-7	2913, 5663, 6262, 2911, 2898, 745, 2893, 7068, 7018, 9145, 2066, 6812, 2902, 773, 2903, 2905, 5604, 27345, 6855, 3815, 5923, 25769, 477, 54899, 793, 2775, 5530, 491, 9211, 100134444, 5590, 3768, 7533, 7170	510	306	12557	2.6552672049211843	0.001870030667588396	8.137848675826564E-5	0.0014784867377160005
GOTERM_BP_FAT	GO:0048167~regulation of synaptic plasticity	13	1.8731988472622478	8.286596634023428E-6	491, 2898, 2902, 2903, 2905, 6855, 5663, 7533, 3815, 5923, 25769, 9145, 793	510	64	12557	5.00125612745098	0.01807355310379788	6.511762769512153E-4	0.01440563093008107

Annotation Cluster 4	Enrichment Score: 7.218639869080944
Category	Term	Count	%	PValue	Genes	List Total	Pop Hits	Pop Total	Fold Enrichment	Bonferroni	Benjamini	FDR
GOTERM_BP_FAT	GO:0032940~secretion by cell	31	4.46685878962536	6.306953063960115E-10	51555, 9369, 22999, 8618, 5663, 51552, 27445, 2743, 286, 4760, 6616, 6812, 773, 261729, 9522, 818, 6853, 2778, 6854, 320, 6857, 6860, 80725, 7534, 134957, 11069, 440279, 93664, 23025, 9783, 10814	510	202	12557	3.778557561638517	1.3881593345921317E-6	1.542400211995698E-7	1.096491175633929E-6
GOTERM_BP_FAT	GO:0006887~exocytosis	21	3.025936599423631	2.007278460403894E-8	6812, 51555, 773, 261729, 9522, 22999, 8618, 5663, 2743, 27445, 286, 80725, 7534, 134957, 11069, 440279, 6616, 93664, 10814, 9783, 23025	510	112	12557	4.616544117647059	4.417922354205128E-5	3.3984711077517105E-6	3.4897404121991826E-5
GOTERM_BP_FAT	GO:0016192~vesicle-mediated transport	51	7.348703170028818	1.966978658387423E-7	8120, 333, 9829, 27445, 2743, 57679, 286, 63916, 388, 57586, 29993, 6457, 6616, 773, 6456, 51361, 1759, 273, 80725, 134957, 64400, 440279, 8867, 56990, 10814, 9783, 23025, 65108, 51555, 5870, 22999, 8618, 5663, 3312, 51552, 83988, 50632, 6812, 261729, 6712, 116988, 26052, 9522, 6855, 9892, 29091, 9844, 7534, 11069, 112755, 93664	510	570	12557	2.2029824561403513	4.3283834383389674E-4	3.092323939457575E-5	3.419672506832505E-4
GOTERM_BP_FAT	GO:0046903~secretion	33	4.755043227665706	3.739294255132087E-7	51555, 9369, 22999, 8618, 5663, 51552, 27445, 2743, 286, 4760, 7163, 6616, 6812, 773, 261729, 9522, 818, 6853, 6854, 2778, 320, 6857, 6860, 358, 80725, 7534, 11069, 134957, 440279, 93664, 23025, 9783, 10814	510	295	12557	2.754277168494517	8.226802323825222E-4	4.5722222456023864E-5	6.50090591247654E-4
GOTERM_BP_FAT	GO:0003001~generation of a signal involved in cell-cell signaling	16	2.3054755043227666	8.665310737342194E-7	773, 9369, 818, 22999, 5663, 6853, 6854, 320, 51552, 6857, 27445, 4760, 6860, 7534, 11069, 6616	510	82	12557	4.8042085126733625	0.0019054181014194205	7.946499747890634E-5	0.0015064912954110277

Annotation Cluster 5	Enrichment Score: 7.143702979059559
Category	Term	Count	%	PValue	Genes	List Total	Pop Hits	Pop Total	Fold Enrichment	Bonferroni	Benjamini	FDR
GOTERM_BP_FAT	GO:0006836~neurotransmitter transport	20	2.881844380403458	2.3353878419782254E-10	773, 9369, 22999, 9899, 5663, 6853, 6854, 477, 55117, 57030, 6857, 51552, 291, 27445, 6860, 112755, 6616, 2555, 10814, 9783	510	79	12557	6.233308513278729	5.140186433161276E-7	6.425234488904863E-8	4.0601727535616305E-7
GOTERM_BP_FAT	GO:0001505~regulation of neurotransmitter levels	15	2.161383285302594	3.007264523593846E-7	773, 9369, 22999, 5663, 6853, 6854, 477, 57030, 6857, 51552, 291, 27445, 6860, 6616, 2555	510	66	12557	5.5958110516934045	6.616800144384483E-4	3.893447857894472E-5	5.228247395017149E-4
GOTERM_BP_FAT	GO:0007269~neurotransmitter secretion	11	1.585014409221902	4.373944788698988E-7	773, 9369, 22999, 6860, 5663, 6853, 6854, 6616, 6857, 51552, 27445	510	33	12557	8.207189542483661	9.622422062786073E-4	4.813411444171134E-5	7.604266155758488E-4
GOTERM_BP_FAT	GO:0003001~generation of a signal involved in cell-cell signaling	16	2.3054755043227666	8.665310737342194E-7	773, 9369, 818, 22999, 5663, 6853, 6854, 320, 51552, 6857, 27445, 4760, 6860, 7534, 11069, 6616	510	82	12557	4.8042085126733625	0.0019054181014194205	7.946499747890634E-5	0.0015064912954110277

Annotation Cluster 6	Enrichment Score: 6.854791788972794
Category	Term	Count	%	PValue	Genes	List Total	Pop Hits	Pop Total	Fold Enrichment	Bonferroni	Benjamini	FDR
GOTERM_CC_FAT	GO:0008021~synaptic vesicle	22	3.170028818443804	2.301436654781944E-12	2902, 9522, 9899, 6855, 6853, 6854, 143425, 320, 57030, 6857, 132204, 27445, 273, 55530, 115827, 534, 6860, 134957, 203190, 9145, 2555, 22895	512	73	11732	6.905607876712328	8.653193717123031E-10	1.0816492146403789E-10	3.1810665213072298E-9
GOTERM_CC_FAT	GO:0030136~clathrin-coated vesicle	25	3.602305475504323	1.318992522575818E-9	57030, 51552, 27445, 534, 83988, 203190, 22895, 2555, 9145, 2902, 261729, 9522, 6855, 9899, 6853, 6854, 143425, 320, 6857, 273, 132204, 55530, 115827, 6860, 134957	512	129	11732	4.440709786821706	4.959410463412084E-7	4.9594115703044395E-8	1.823166317915792E-6
GOTERM_CC_FAT	GO:0030135~coated vesicle	27	3.890489913544669	3.178570701055526E-9	8120, 57030, 51552, 27445, 534, 83988, 29993, 203190, 22895, 2555, 9145, 2902, 261729, 9522, 6855, 9899, 6853, 6854, 143425, 320, 6857, 273, 132204, 55530, 115827, 6860, 134957	512	156	11732	3.9658954326923075	1.1951418859013074E-6	1.0864932142862216E-7	4.393552788251043E-6
GOTERM_CC_FAT	GO:0016023~cytoplasmic membrane-bounded vesicle	49	7.060518731988473	1.7989571960293647E-6	5126, 8120, 57030, 27445, 535, 2893, 57586, 534, 7018, 29993, 203190, 9145, 2902, 3815, 4884, 273, 6447, 134957, 3708, 3312, 51552, 20, 83988, 80763, 23095, 2555, 22895, 1267, 6812, 261729, 9522, 818, 9899, 6855, 326624, 6853, 143425, 6854, 3326, 320, 6857, 132204, 55530, 115827, 79929, 6860, 7534, 398, 7531	512	540	11732	2.07923900462963	6.761798014377485E-4	3.7577544729994194E-5	0.002486564891279741
GOTERM_CC_FAT	GO:0031982~vesicle	56	8.069164265129682	2.360032235007772E-6	5126, 8120, 57030, 27445, 2893, 535, 57586, 534, 7018, 29993, 203190, 9145, 2902, 3815, 4884, 273, 6447, 134957, 3708, 8618, 5663, 3312, 51552, 20, 9218, 83988, 50632, 80763, 23095, 2555, 22895, 1267, 6812, 261729, 9522, 818, 326624, 6855, 9899, 6853, 143425, 6854, 2778, 3326, 320, 3831, 6857, 132204, 55530, 115827, 79929, 6860, 7534, 398, 7531, 93664	512	660	11732	1.944223484848485	8.8697956832684E-4	4.6702760311267966E-5	0.0032620855023313133
GOTERM_CC_FAT	GO:0031410~cytoplasmic vesicle	54	7.780979827089338	3.0497338422314E-6	5126, 8120, 57030, 27445, 2893, 535, 57586, 534, 7018, 29993, 203190, 9145, 2902, 3815, 4884, 273, 6447, 134957, 3708, 8618, 5663, 3312, 51552, 20, 83988, 50632, 80763, 23095, 22895, 2555, 1267, 6812, 261729, 9522, 818, 326624, 9899, 6855, 6853, 143425, 6854, 3326, 320, 3831, 6857, 132204, 55530, 115827, 79929, 6860, 7534, 398, 7531, 93664	512	632	11732	1.957847112341772	0.0011460444621199661	5.460335076612477E-5	0.004215386728678716
GOTERM_CC_FAT	GO:0031988~membrane-bounded vesicle	49	7.060518731988473	4.600900273663551E-6	5126, 8120, 57030, 27445, 535, 2893, 57586, 534, 7018, 29993, 203190, 9145, 2902, 3815, 4884, 273, 6447, 134957, 3708, 3312, 51552, 20, 83988, 80763, 23095, 2555, 22895, 1267, 6812, 261729, 9522, 818, 9899, 6855, 326624, 6853, 143425, 6854, 3326, 320, 6857, 132204, 55530, 115827, 79929, 6860, 7534, 398, 7531	512	558	11732	2.0121667786738353	0.0017284469945408887	7.521206197635966E-5	0.006359368417929723
SP_PIR_KEYWORDS	cytoplasmic vesicle	22	3.170028818443804	2.524346278437618E-4	5126, 8120, 9899, 8618, 326624, 6855, 2778, 143425, 4884, 57030, 6857, 132204, 273, 55530, 535, 6860, 50632, 134957, 80763, 23095, 203190, 93664	673	234	17642	2.4645610291969877	0.1031019313935333	0.004343063873080588	0.35533239792200355

Annotation Cluster 7	Enrichment Score: 6.430510020560161
Category	Term	Count	%	PValue	Genes	List Total	Pop Hits	Pop Total	Fold Enrichment	Bonferroni	Benjamini	FDR
GOTERM_CC_FAT	GO:0043005~neuron projection	48	6.9164265129683	1.2725509531349226E-12	2913, 6620, 2911, 57679, 10382, 2898, 2893, 6616, 4155, 2902, 773, 2903, 8874, 230, 5604, 5923, 6506, 5649, 477, 56899, 2562, 4684, 257194, 55450, 5663, 5048, 3897, 57692, 3751, 58512, 57468, 2559, 6900, 8851, 57471, 26052, 2045, 81539, 9568, 6857, 3831, 491, 6326, 100134444, 348980, 3768, 358, 6860, 5816	512	339	11732	3.2444690265486726	4.784741491903333E-10	6.83534340240044E-11	1.7589596446043743E-9
GOTERM_CC_FAT	GO:0030425~dendrite	25	3.602305475504323	1.1786115730559188E-7	2913, 257194, 55450, 5663, 2911, 57679, 2898, 57692, 58512, 3751, 2893, 2559, 773, 2902, 8851, 26052, 2045, 5604, 6506, 5649, 477, 491, 100134444, 56899, 348980, 3768	512	161	11732	3.5580842391304346	4.431481581768093E-5	3.4089017088012596E-6	1.6291247788569052E-4
GOTERM_CC_FAT	GO:0030424~axon	24	3.45821325648415	3.7653262732781387E-7	2562, 8851, 57471, 2913, 4684, 6620, 5604, 230, 5663, 6506, 81539, 2911, 3897, 3831, 57679, 10382, 6326, 2898, 348980, 2893, 358, 5816, 6900, 4155	512	159	11732	3.4587264150943398	1.4156627306816105E-4	9.438375092818418E-6	5.204578251705172E-4
GOTERM_CC_FAT	GO:0043025~cell soma	23	3.314121037463977	2.734214701749887E-6	773, 8851, 57471, 2045, 5604, 257194, 1917, 55450, 5663, 5048, 57679, 491, 10382, 2898, 429, 100134444, 3751, 2893, 3768, 358, 57468, 2559, 2026, 4155	512	165	11732	3.1940814393939396	0.0010275378544029046	5.140198553965636E-5	0.00377927920215404
GOTERM_CC_FAT	GO:0043197~dendritic spine	11	1.585014409221902	3.533622611939995E-6	2902, 58512, 8851, 3751, 56899, 2913, 26052, 6506, 477, 2911, 57679	512	38	11732	6.633018092105263	0.0013277621923051264	6.0391105909385345E-5	0.00488420971228587
GOTERM_CC_FAT	GO:0042995~cell projection	54	7.780979827089338	2.7334732507763884E-5	2913, 6620, 2911, 57679, 10382, 2898, 2893, 6616, 4155, 773, 2902, 2903, 5174, 5604, 230, 8874, 6506, 5923, 477, 5649, 56899, 2562, 4684, 257194, 55450, 5048, 5663, 3897, 57692, 3751, 58512, 57468, 2559, 58480, 8522, 6900, 8851, 57471, 26052, 2045, 81539, 2778, 9568, 3831, 6857, 491, 6326, 100134444, 348980, 29119, 3768, 358, 6860, 5816, 998	512	683	11732	1.8116535505124451	0.0102253617484378	4.1103549762366853E-4	0.03777658513181015
GOTERM_CC_FAT	GO:0044463~cell projection part	25	3.602305475504323	6.498509404572633E-5	2562, 2913, 6620, 5663, 3897, 2911, 57679, 10382, 2898, 58512, 3751, 2893, 57468, 4155, 2902, 8851, 57471, 26052, 5174, 5604, 6506, 477, 3831, 56899, 358	512	230	11732	2.490658967391304	0.024139066931464948	9.045976169367309E-4	0.0897876893657723

Annotation Cluster 8	Enrichment Score: 6.249473648025882
Category	Term	Count	%	PValue	Genes	List Total	Pop Hits	Pop Total	Fold Enrichment	Bonferroni	Benjamini	FDR
GOTERM_BP_FAT	GO:0006811~ion transport	82	11.815561959654179	6.683239633101023E-17	57348, 783, 784, 5579, 1318, 6262, 8671, 2288, 57030, 2743, 2898, 57338, 535, 3775, 2893, 534, 3773, 7018, 2902, 55799, 773, 115584, 2903, 2905, 1183, 5174, 774, 6505, 51090, 6506, 9254, 6833, 478, 477, 56704, 6511, 84502, 3785, 7881, 80036, 2563, 2565, 2566, 2562, 2561, 3746, 3708, 56172, 5663, 1027, 3760, 3751, 63982, 80333, 6543, 51305, 57468, 2559, 2554, 2555, 259232, 261729, 27345, 818, 3737, 81539, 25769, 5530, 291, 6326, 55530, 491, 492, 3763, 100134444, 348980, 6327, 523, 3768, 358, 53826, 53822, 51310	510	740	12557	2.7283359830418656	2.4436008771999695E-13	8.149037000748649E-14	1.887379141862766E-13
SP_PIR_KEYWORDS	ion transport	64	9.221902017291066	1.0571233397645275E-14	57348, 783, 784, 1318, 6262, 8671, 57030, 2743, 2898, 2893, 3775, 535, 534, 3773, 7018, 773, 55799, 2902, 115584, 2903, 2905, 1183, 774, 51090, 9254, 478, 477, 3785, 7881, 80036, 2563, 2565, 2566, 2562, 2561, 3746, 3708, 3760, 3751, 63982, 80333, 6543, 51305, 57468, 2559, 2554, 2555, 259232, 261729, 27345, 3737, 81539, 25769, 6326, 491, 492, 3763, 100134444, 348980, 523, 6327, 3768, 53826, 53822, 51310	673	560	17642	2.9958819783485455	4.5458081743277035E-12	1.1364242880063102E-12	1.4865886299730846E-11
SP_PIR_KEYWORDS	ionic channel	45	6.484149855907781	4.311307835598792E-14	2562, 57348, 2561, 783, 784, 3746, 3708, 6262, 3760, 2743, 2898, 3751, 63982, 2893, 3775, 80333, 3773, 51305, 2559, 2554, 259232, 2555, 773, 2902, 55799, 2903, 2905, 774, 27345, 51090, 3737, 9254, 6326, 3763, 100134444, 348980, 6327, 3785, 3768, 7881, 80036, 2563, 53826, 2565, 2566, 53822	673	310	17642	3.805253319273355	1.8566037596201568E-11	3.0943025919327738E-12	6.074030167724231E-11
GOTERM_MF_FAT	GO:0022838~substrate specific channel activity	50	7.204610951008646	1.5109497343354338E-12	57348, 783, 784, 6262, 2743, 2898, 2893, 3775, 3773, 6616, 773, 55799, 2902, 2903, 1183, 2905, 774, 51090, 9254, 3785, 7881, 80036, 2563, 2565, 2566, 2562, 2561, 3746, 3708, 3760, 3751, 63982, 80333, 51305, 2559, 2554, 259232, 2555, 27345, 3737, 25769, 6326, 3763, 100134444, 6327, 348980, 3768, 358, 53826, 112755, 53822	500	383	12013	3.136553524804178	9.926629518375307E-10	9.926629518375307E-10	2.259192832809731E-9
GOTERM_MF_FAT	GO:0015267~channel activity	51	7.348703170028818	1.5953884365105525E-12	57348, 783, 784, 6262, 2743, 2898, 2893, 3775, 3773, 6616, 773, 55799, 2902, 2903, 1183, 2905, 774, 51090, 9254, 4118, 3785, 7881, 80036, 2563, 2565, 2566, 2562, 2561, 3746, 3708, 3760, 3751, 63982, 80333, 51305, 2559, 2554, 259232, 2555, 27345, 3737, 25769, 6326, 3763, 100134444, 6327, 348980, 3768, 358, 53826, 112755, 53822	500	397	12013	3.0864634760705285	1.048171549555832E-9	5.24085774777916E-10	2.3855251107818276E-9
GOTERM_MF_FAT	GO:0022803~passive transmembrane transporter activity	51	7.348703170028818	1.7674302777528084E-12	57348, 783, 784, 6262, 2743, 2898, 2893, 3775, 3773, 6616, 773, 55799, 2902, 2903, 1183, 2905, 774, 51090, 9254, 4118, 3785, 7881, 80036, 2563, 2565, 2566, 2562, 2561, 3746, 3708, 3760, 3751, 63982, 80333, 51305, 2559, 2554, 259232, 2555, 27345, 3737, 25769, 6326, 3763, 100134444, 6327, 348980, 3768, 358, 53826, 112755, 53822	500	398	12013	3.078708542713567	1.1612311112685347E-9	3.870770370895116E-10	2.6428415011992E-9
GOTERM_MF_FAT	GO:0005216~ion channel activity	49	7.060518731988473	1.894703104170291E-12	57348, 783, 784, 6262, 2743, 2898, 2893, 3775, 3773, 6616, 773, 55799, 2902, 2903, 1183, 2905, 774, 51090, 9254, 3785, 7881, 80036, 2563, 2565, 2566, 2562, 2561, 3746, 3708, 3760, 3751, 63982, 80333, 51305, 2559, 2554, 259232, 2555, 27345, 3737, 25769, 6326, 3763, 100134444, 6327, 348980, 3768, 53826, 112755, 53822	500	372	12013	3.164715053763441	1.244822245283217E-9	3.11205505809653E-10	2.8330782164687207E-9
GOTERM_MF_FAT	GO:0022836~gated channel activity	42	6.051873198847262	1.2159889612525131E-11	2562, 2561, 783, 784, 3746, 3708, 6262, 3760, 2743, 2898, 3751, 2893, 3775, 80333, 3773, 51305, 2559, 6616, 2554, 259232, 2555, 773, 55799, 2902, 2903, 2905, 1183, 774, 27345, 3737, 9254, 6326, 3763, 100134444, 348980, 6327, 3785, 3768, 7881, 2563, 2565, 2566, 112755	500	299	12013	3.3748896321070236	7.989080397230452E-9	1.597816101650551E-9	1.8182277905509636E-8
GOTERM_BP_FAT	GO:0006812~cation transport	58	8.357348703170029	1.5603706148278112E-11	57348, 783, 784, 5579, 1318, 6262, 2288, 8671, 57030, 57338, 3775, 535, 534, 3773, 7018, 773, 55799, 2902, 115584, 2903, 5174, 774, 9254, 6833, 478, 477, 56704, 84502, 3785, 7881, 80036, 3746, 3708, 5663, 1027, 3760, 3751, 80333, 6543, 51305, 57468, 259232, 261729, 818, 27345, 3737, 81539, 25769, 5530, 491, 6326, 492, 3763, 100134444, 348980, 523, 6327, 3768, 358	510	534	12557	2.674252772269957	3.434383233358318E-8	5.723972185123216E-9	2.7127777801894126E-8
GOTERM_BP_FAT	GO:0030001~metal ion transport	52	7.492795389048991	2.018930958434823E-11	57348, 783, 784, 5579, 1318, 6262, 2288, 8671, 57030, 57338, 3775, 3773, 7018, 773, 55799, 2902, 2903, 115584, 774, 9254, 6833, 478, 477, 56704, 84502, 3785, 7881, 80036, 3746, 3708, 1027, 3760, 3751, 80333, 6543, 51305, 57468, 259232, 261729, 818, 27345, 3737, 81539, 25769, 5530, 491, 6326, 492, 3763, 100134444, 6327, 348980, 3768	510	449	12557	2.851495698502118	4.4436636592593004E-8	6.348091052821303E-9	3.5099967377050234E-8
SP_PIR_KEYWORDS	transport	111	15.994236311239193	1.2612170122673331E-9	57348, 1318, 8120, 8671, 57030, 2743, 535, 534, 148808, 1183, 51090, 9254, 51361, 478, 477, 79152, 347, 25837, 1984, 7881, 80036, 64400, 134957, 10814, 3746, 22999, 56172, 5048, 55117, 20, 63982, 51305, 6812, 9619, 116987, 9899, 326624, 3737, 81539, 25769, 320, 321, 291, 491, 55530, 492, 523, 112755, 93664, 51310, 783, 784, 148641, 6262, 2898, 2893, 388, 3775, 3773, 7018, 2902, 55799, 773, 2903, 115584, 2905, 84440, 774, 6505, 6506, 7504, 6833, 7381, 6511, 3785, 2563, 6447, 2565, 2566, 9783, 2562, 2561, 5870, 3708, 3069, 8618, 3760, 57709, 51552, 3751, 6543, 80333, 57468, 2559, 55353, 2554, 259232, 2555, 22895, 261729, 9522, 27345, 6326, 115827, 3763, 100134444, 348980, 6327, 3768, 358, 53826, 53822	673	1622	17642	1.793927479328622	5.435843880574609E-7	6.794806461929426E-8	1.778253266859764E-6
GOTERM_MF_FAT	GO:0015276~ligand-gated ion channel activity	22	3.170028818443804	2.6373720860543535E-8	2562, 2902, 2561, 2903, 2905, 3708, 6262, 3760, 2743, 3763, 2898, 100134444, 3775, 2893, 3768, 3773, 2563, 2559, 2565, 112755, 2566, 2554, 2555	500	122	12013	4.33255737704918	1.732738472182138E-5	2.887918303717818E-6	3.943558666286151E-5
GOTERM_MF_FAT	GO:0022834~ligand-gated channel activity	22	3.170028818443804	2.6373720860543535E-8	2562, 2902, 2561, 2903, 2905, 3708, 6262, 3760, 2743, 3763, 2898, 100134444, 3775, 2893, 3768, 3773, 2563, 2559, 2565, 112755, 2566, 2554, 2555	500	122	12013	4.33255737704918	1.732738472182138E-5	2.887918303717818E-6	3.943558666286151E-5
GOTERM_MF_FAT	GO:0046873~metal ion transmembrane transporter activity	37	5.3314121037463975	5.327859749362721E-8	57348, 783, 784, 3746, 1318, 3708, 6262, 3760, 3751, 3775, 80333, 3773, 51305, 7018, 6616, 259232, 2902, 55799, 773, 2903, 2905, 774, 27345, 3737, 25769, 9254, 6833, 491, 6326, 3763, 492, 100134444, 348980, 6327, 3785, 3768, 7881, 80036	500	321	12013	2.769352024922118	3.500342687789981E-5	5.0005645703121715E-6	7.966537471926216E-5
SP_PIR_KEYWORDS	voltage-gated channel	22	3.170028818443804	2.039877797037927E-7	55799, 773, 783, 784, 3746, 774, 3737, 9254, 3760, 6326, 3763, 100134444, 3751, 348980, 6327, 3775, 80333, 3785, 3768, 7881, 3773, 51305, 259232	673	148	17642	3.896670816433075	8.791487726467206E-5	8.791835552024452E-6	2.8761224108997396E-4
GOTERM_CC_FAT	GO:0034702~ion channel complex	27	3.890489913544669	6.193435770068273E-7	2562, 57348, 2561, 783, 784, 3746, 6262, 3760, 2743, 3751, 63982, 3775, 2559, 6616, 2554, 2555, 773, 774, 27345, 3737, 6326, 3763, 6327, 3785, 2563, 2565, 2566	512	201	11732	3.0780083955223883	2.3284614418639382E-4	1.3698333062750478E-5	8.560790910050464E-4
GOTERM_MF_FAT	GO:0005261~cation channel activity	31	4.46685878962536	7.328908698975637E-7	783, 784, 3746, 3708, 6262, 3760, 3751, 3775, 80333, 3773, 51305, 6616, 259232, 2902, 55799, 773, 2903, 2905, 774, 27345, 3737, 25769, 9254, 6326, 3763, 100134444, 348980, 6327, 3785, 3768, 7881, 80036	500	268	12013	2.7791268656716417	4.8139357087439993E-4	4.3772630855754E-5	0.0010958574674369004
GOTERM_MF_FAT	GO:0005244~voltage-gated ion channel activity	25	3.602305475504323	1.1246345085086749E-6	783, 784, 3746, 3760, 3751, 3775, 80333, 3773, 51305, 6616, 259232, 55799, 773, 2903, 1183, 774, 3737, 9254, 6326, 3763, 100134444, 6327, 348980, 3785, 3768, 7881	500	190	12013	3.1613157894736847	7.386123790719124E-4	6.157187833955025E-5	0.0016816088271642826
GOTERM_MF_FAT	GO:0022832~voltage-gated channel activity	25	3.602305475504323	1.1246345085086749E-6	783, 784, 3746, 3760, 3751, 3775, 80333, 3773, 51305, 6616, 259232, 55799, 773, 2903, 1183, 774, 3737, 9254, 6326, 3763, 100134444, 6327, 348980, 3785, 3768, 7881	500	190	12013	3.1613157894736847	7.386123790719124E-4	6.157187833955025E-5	0.0016816088271642826
SP_PIR_KEYWORDS	potassium	18	2.5936599423631126	4.21302298663468E-6	3746, 3737, 25769, 478, 477, 3760, 3763, 100134444, 3751, 348980, 3775, 80333, 3785, 3768, 7881, 3773, 51305, 57468, 4144	673	123	17642	3.8361903381292355	0.0018141691344543132	1.2969278432506393E-4	0.005939988993253209
GOTERM_MF_FAT	GO:0031420~alkali metal ion binding	26	3.7463976945244957	4.7341208850005205E-6	3746, 8671, 3760, 57030, 3751, 3775, 6543, 80333, 3773, 51305, 57468, 259232, 115584, 3737, 81539, 25769, 478, 477, 6326, 3763, 100134444, 6327, 348980, 3785, 3768, 7881, 4144	500	220	12013	2.8394363636363638	0.0031054927346764183	2.392271332218865E-4	0.0070785121288774455
SP_PIR_KEYWORDS	potassium transport	17	2.4495677233429394	5.202940379029114E-6	3746, 3737, 25769, 478, 477, 3760, 3763, 100134444, 3751, 348980, 3775, 80333, 3785, 3768, 7881, 3773, 51305, 57468	673	112	17642	3.978905752494163	0.002239960672582364	1.494870348377475E-4	0.007335637214023194
GOTERM_BP_FAT	GO:0015672~monovalent inorganic cation transport	31	4.46685878962536	6.115293801989232E-6	3746, 1027, 8671, 3760, 57030, 3751, 3775, 535, 6543, 534, 80333, 3773, 51305, 57468, 259232, 115584, 27345, 3737, 81539, 25769, 6833, 478, 477, 6326, 3763, 100134444, 348980, 6327, 523, 3785, 3768, 7881	510	304	12557	2.5107520639834884	0.013369624714252515	4.983869792476447E-4	0.010631171822061969
GOTERM_MF_FAT	GO:0022843~voltage-gated cation channel activity	20	2.881844380403458	7.785423333251355E-6	55799, 773, 2903, 783, 784, 3746, 774, 3737, 3760, 6326, 3763, 100134444, 3751, 6327, 348980, 3775, 3785, 3768, 7881, 3773, 6616	500	144	12013	3.3369444444444443	0.005101983484913752	3.1963909462073836E-4	0.011640606937757259
GOTERM_BP_FAT	GO:0006813~potassium ion transport	20	2.881844380403458	1.4783943607462236E-5	3746, 27345, 3737, 25769, 1027, 6833, 478, 477, 3760, 3763, 100134444, 3751, 348980, 3775, 80333, 3785, 3768, 7881, 3773, 51305, 57468	510	154	12557	3.197606315253374	0.03201598029699115	0.0011214293625265714	0.02569941660954811
GOTERM_MF_FAT	GO:0030955~potassium ion binding	18	2.5936599423631126	1.556753693201613E-5	3746, 3737, 25769, 478, 477, 3760, 3763, 100134444, 3751, 348980, 3775, 80333, 3785, 3768, 7881, 3773, 51305, 57468, 4144	500	125	12013	3.4597439999999997	0.010175823752823443	6.014632470399128E-4	0.02327500160885787
GOTERM_CC_FAT	GO:0034703~cation channel complex	16	2.3054755043227666	4.817316123679793E-4	773, 783, 784, 3746, 774, 27345, 3737, 6262, 3760, 6326, 3763, 3751, 6327, 3775, 3785, 6616	512	129	11732	2.8420542635658914	0.16571042824919247	0.005475099995321253	0.6638168739763195
GOTERM_MF_FAT	GO:0005267~potassium channel activity	15	2.161383285302594	8.563656273472549E-4	3746, 27345, 3737, 3760, 3763, 100134444, 3751, 348980, 3775, 80333, 3785, 3768, 3773, 7881, 51305, 6616	500	128	12013	2.815546875	0.43042981513368594	0.019222272836897814	1.2728682716213635
GOTERM_MF_FAT	GO:0005249~voltage-gated potassium channel activity	12	1.729106628242075	0.0022415519309916224	3763, 100134444, 3751, 348980, 3775, 3746, 3785, 3768, 7881, 3773, 3737, 6616, 3760	500	97	12013	2.972288659793815	0.7710731264055115	0.036187799773003126	3.299795735510269
INTERPRO	IPR005821:Ion transport	12	1.729106628242075	0.003959483829923925	6326, 773, 3751, 348980, 3746, 3785, 3708, 774, 80036, 3737, 6262, 259232	623	107	15394	2.7711555482215986	0.9826580159324487	0.19216811897182073	6.092199183955338
UP_SEQ_FEATURE	short sequence motif:Selectivity filter	8	1.1527377521613833	0.0052193382086750725	3763, 100134444, 3751, 3746, 3785, 3768, 3773, 3737, 3760	673	56	17611	3.7382721290596472	0.9999317341542269	0.28162395156494835	8.520566313240685
SP_PIR_KEYWORDS	potassium channel	9	1.2968299711815563	0.008209766493486575	100134444, 3751, 348980, 3775, 80333, 3746, 3785, 3768, 51305, 3737	673	76	17642	3.104285602565105	0.9713618090858395	0.08111617016387584	10.973080600145257
GOTERM_CC_FAT	GO:0034705~potassium channel complex	9	1.2968299711815563	0.02956059794842536	3763, 3751, 3775, 3746, 3785, 27345, 3737, 6616, 3760	512	84	11732	2.455078125	0.999987407078172	0.17957798208074793	33.950110611626485
GOTERM_CC_FAT	GO:0008076~voltage-gated potassium channel complex	9	1.2968299711815563	0.02956059794842536	3763, 3751, 3775, 3746, 3785, 27345, 3737, 6616, 3760	512	84	11732	2.455078125	0.999987407078172	0.17957798208074793	33.950110611626485
GOTERM_BP_FAT	GO:0055085~transmembrane transport	32	4.610951008645533	0.03912672001942186	3746, 3708, 6262, 57030, 3751, 535, 6543, 57468, 148808, 259232, 773, 115584, 1183, 5174, 774, 9899, 3737, 25769, 6833, 477, 291, 55530, 6326, 348980, 523, 3785, 7881, 1984, 358, 80036, 54842, 51310	510	549	12557	1.4351369691774705	1.0	0.46132749558917185	50.03764589506265
INTERPRO	IPR003091:Voltage-dependent potassium channel	4	0.5763688760806917	0.14716415155861046	3751, 3746, 3785, 3737	623	33	15394	2.995087309694051	1.0	0.9021331676754966	91.97094250600422
PIR_SUPERFAMILY	PIRSF002449:potassium voltage-gated channel, alpha subunit, subfamilies A/C/D/F/G/S	3	0.43227665706051877	0.21909868685932526	3751, 3746, 3737	298	20	6749	3.397147651006711	1.0	0.9951789061156604	96.34147595649314
INTERPRO	IPR003968:Potassium channel, voltage dependent, Kv	3	0.43227665706051877	0.29831682062653037	3751, 3746, 3737	623	27	15394	2.7454967005528803	1.0	0.9812912050048969	99.63496778246234
INTERPRO	IPR003131:Potassium channel, voltage dependent, Kv,  tetramerisation	3	0.43227665706051877	0.6163603551239919	3751, 3746, 3737	623	51	15394	1.4534982532338776	1.0	0.9996940145324666	99.99997442128429

Annotation Cluster 9	Enrichment Score: 5.437401499731617
Category	Term	Count	%	PValue	Genes	List Total	Pop Hits	Pop Total	Fold Enrichment	Bonferroni	Benjamini	FDR
GOTERM_CC_FAT	GO:0008021~synaptic vesicle	22	3.170028818443804	2.301436654781944E-12	2902, 9522, 9899, 6855, 6853, 6854, 143425, 320, 57030, 6857, 132204, 27445, 273, 55530, 115827, 534, 6860, 134957, 203190, 9145, 2555, 22895	512	73	11732	6.905607876712328	8.653193717123031E-10	1.0816492146403789E-10	3.1810665213072298E-9
GOTERM_CC_FAT	GO:0030136~clathrin-coated vesicle	25	3.602305475504323	1.318992522575818E-9	57030, 51552, 27445, 534, 83988, 203190, 22895, 2555, 9145, 2902, 261729, 9522, 6855, 9899, 6853, 6854, 143425, 320, 6857, 273, 132204, 55530, 115827, 6860, 134957	512	129	11732	4.440709786821706	4.959410463412084E-7	4.9594115703044395E-8	1.823166317915792E-6
GOTERM_CC_FAT	GO:0030135~coated vesicle	27	3.890489913544669	3.178570701055526E-9	8120, 57030, 51552, 27445, 534, 83988, 29993, 203190, 22895, 2555, 9145, 2902, 261729, 9522, 6855, 9899, 6853, 6854, 143425, 320, 6857, 273, 132204, 55530, 115827, 6860, 134957	512	156	11732	3.9658954326923075	1.1951418859013074E-6	1.0864932142862216E-7	4.393552788251043E-6
GOTERM_CC_FAT	GO:0030672~synaptic vesicle membrane	10	1.440922190201729	2.4883046008876626E-7	534, 9522, 6855, 6853, 6854, 22895, 2555, 9145, 57030, 6857	512	23	11732	9.962635869565217	9.35558880225118E-5	6.682853715855863E-6	3.439432780916185E-4
GOTERM_CC_FAT	GO:0030665~clathrin coated vesicle membrane	11	1.585014409221902	8.094460960766386E-5	534, 83988, 9522, 6855, 6853, 6854, 22895, 2555, 9145, 57030, 6857	512	53	11732	4.755748820754717	0.02997788139638302	0.0010864238802341664	0.11182696655481772
GOTERM_CC_FAT	GO:0030662~coated vesicle membrane	11	1.585014409221902	0.0011834239808009397	534, 83988, 9522, 6855, 6853, 6854, 22895, 2555, 9145, 57030, 6857	512	73	11732	3.452803938356164	0.35932368426074535	0.013009660145315793	1.6234246783606188
GOTERM_CC_FAT	GO:0030659~cytoplasmic vesicle membrane	15	2.161383285302594	0.002747148085746163	3708, 9522, 818, 6855, 6853, 6854, 57030, 6857, 2893, 534, 83988, 23095, 2555, 22895, 9145	512	138	11732	2.4906589673913047	0.6445423222290112	0.026173158021318033	3.7310624611555765
GOTERM_CC_FAT	GO:0012506~vesicle membrane	15	2.161383285302594	0.005818837362234356	3708, 9522, 818, 6855, 6853, 6854, 57030, 6857, 2893, 534, 83988, 23095, 2555, 22895, 9145	512	150	11732	2.29140625	0.8885604643992724	0.04864675880915048	7.749760903076275
GOTERM_CC_FAT	GO:0044433~cytoplasmic vesicle part	15	2.161383285302594	0.03147481142001429	3708, 9522, 818, 6855, 6853, 6854, 57030, 6857, 2893, 534, 83988, 23095, 2555, 22895, 9145	512	185	11732	1.8578969594594594	0.9999940061495012	0.18438249004890261	35.728364652792735

