"A"	"B"	"C"	"D"	"E"	"F"	"G"	"H"	"I"	"J"	"K"	"L"	"M"	"N"	"O"	"P"	"Q"	"R"	"S"	"T"
"AFFX-MurIL2_at"	8.57099007827353	10.4282988245237	9.6167131912746	9.93715527354322	9.98380913982643	10.0634843284441	10.662059287716	11.2691146948727	8.81286924435235	10.1651593838186	9.38107177332758	8.22797041146687	7.62724848326875	7.66744519734815	10.206352994619	10.0154660054644	9.35851637984003	8.82434804050119	9.26247774855587	7.23292736443832
"AFFX-MurIL10_at"	7.62356162933574	7.54360436828767	7.91695399954929	6.81639700357263	7.51698111486836	7.72671589981662	7.28895951719981	7.7241534156527	6.76348988347147	7.54390712555185	7.78420530221786	7.04189015620972	7.15142156514094	6.76994774603193	8.70947523076377	8.37488135882607	7.68761085654038	8.39719579394814	7.6660079561362	7.30086585053816
"AFFX-MurIL4_at"	8.90354703498219	9.90395311871681	8.49449861165385	9.53398312715624	8.87166942148034	9.42409204620908	8.99993804635396	8.00684797713636	9.19055303367423	8.40878894083486	8.51135632393877	8.7003631063434	8.28171443461802	8.40300467118628	8.16956165829865	8.13092774387247	8.53088059945875	9.0197714751881	8.49490075307623	9.56613861923601
"AFFX-MurFAS_at"	9.3718876312877	9.3221769681982	9.30498242996806	9.13536989487571	9.62717543766883	9.1894198921124	9.3121640171553	9.94643022961283	9.11225491042964	9.57702426629014	9.23547459682002	8.30475068024944	9.27885861950678	8.93497788994272	9.7219522572051	9.51809015225206	8.43382589758049	9.23134020563194	9.06619268507979	9.69643921267676
"AFFX-BioB-5_at"	5.69898358472929	6.17283147752303	6.29850457496504	6.68034193800871	6.65872306201314	6.37204795712834	7.25225408886631	6.67447282282558	6.8837876834181	5.7147776716129	6.31527733393654	5.95660539391755	5.82644090329692	5.91836457236701	6.25013657772528	4.8867530002563	5.25126599608558	5.07563642690939	5.28540381274974	6.11545470170074
"AFFX-BioB-M_at"	4.92152838585427	4.11558789671014	4.74384369015056	4.69100735859594	5.40661272146122	4.43190009043444	3.93102781499742	5.12929633144514	3.95674243462393	5.17805081992768	5.64884320924743	4.92663369576911	4.38358752484592	5.02090659707129	3.73540972779946	4.38781619174867	4.56017763168607	5.033051307016	5.00833991251503	6.43117039769316
"AFFX-BioB-3_at"	6.12341129901119	6.16381312661738	6.01675571861133	5.9306993052905	5.84848672424794	5.82083732016766	6.31974329170781	5.79467727799939	6.07945420638758	6.10905253655042	5.57985931027105	5.80159317936516	6.31969401398897	5.8402486417421	6.34170364149484	6.38191013453002	6.51829323329052	5.99260104872793	6.3502374659463	5.87758341476876
"AFFX-BioC-5_at"	7.44040753207393	8.22534253915295	6.91669515009095	7.92141261211078	7.4892892817373	7.52038364106454	7.60833648317199	7.26212086833153	8.05971292482015	7.46682079461833	8.39154176312605	7.43332757844973	8.14147388850891	7.01293874314006	7.47140206531787	8.11841774239465	7.24790515573814	7.45508131844487	7.56168900297166	7.41095558568921
"AFFX-BioC-3_at"	7.85007851153501	7.14921417876809	8.53643198427485	7.5385109855942	7.97812700894218	7.97340078842584	8.22850317520687	8.52594404265454	8.43641787138457	7.81604543907334	8.1934547727302	8.90491160207029	7.68370592296261	8.1046968778093	6.45862097355234	7.04256812503473	7.56810601728084	7.61919752265807	8.50792179570719	8.3523822442147
"AFFX-BioDn-5_at"	5.22884581648357	4.37478921840593	4.52672527844673	4.95829922126247	4.93613092813581	5.28520244034858	4.687627789895	4.42860779135716	4.87204887995987	5.04627109977352	4.95687815516699	4.74545706515578	5.09296721604467	4.45155055499808	4.93982148237571	4.31219143384827	4.74883988406142	4.70824154877906	4.43109954619833	4.64943279640252
"AFFX-BioDn-3_at"	7.54201793008895	5.7903785993009	7.47286460700425	7.36251852158112	7.57391559005186	7.42093825508053	5.59994042862097	7.91834393421485	7.13949810651152	6.27461401037842	8.02107974619757	7.86498761849681	6.039602129745	7.37146469330744	6.027595898288	6.54782389226623	7.63112598811647	5.9737344818016	7.02844255717237	6.35020829218039
"AFFX-CreX-5_at"	8.0634282564951	6.74053885345553	8.12662119360106	5.73997332945986	8.53308763023943	8.23252447024998	6.92275516441791	7.81519851656471	8.51072474524276	8.12698162542511	7.71773445136679	8.51301790349217	6.67753900626958	6.93054086779822	7.44006843426757	7.70407266604737	7.07872675804715	7.59792516555425	8.61880892022141	8.47499555748354
"AFFX-CreX-3_at"	4.71675826630659	5.22823996006987	4.5956428278307	4.57066941630317	4.96098035226843	4.91197125831798	4.78772062206611	4.35390984589475	5.23744624847897	5.67402417952152	6.70430729479348	4.89819010621007	7.01929452302597	4.45984923640244	4.5763201002924	6.17747276401194	5.47936813345224	5.01085888958146	5.74566659213553	4.76668002361957
"AFFX-BioB-5_st"	5.84495829451112	3.87014920940646	6.17441305274812	6.94518347147464	4.29436356962276	7.95248771784527	3.47326768632374	4.43591003486883	4.21157520158488	4.04872816431813	5.6039257216648	3.94384857175183	3.80534440309436	7.91294462225152	4.34209533087855	5.48691289192246	4.58974381059789	4.6183186660891	5.11561699706021	6.97894900129924
"AFFX-BioB-M_st"	5.14797252036475	4.45862111731055	4.76367709021016	4.18759407304653	6.29225306908215	4.98959942155211	5.33929217347721	5.07135500905354	4.90971053748218	6.53067814646742	4.87334758427306	5.66367422095608	5.82679104356822	5.22208557977578	6.18640980000368	5.83208907099217	4.78136224343772	4.67131898214095	5.23406398741127	5.13515573791628
"AFFX-BioB-3_st"	6.91510716493619	6.51592550448213	6.2481010334937	6.86715325304439	6.40970049466895	7.31383406659652	6.20394631906597	6.16832393179491	6.53306133576912	6.43912280107973	7.25904301187284	6.26547981300183	6.28102802699601	6.71159579712334	6.41238990368085	6.81556961314343	6.42536673340766	6.52247929665778	7.04217843693214	7.0713280995796
"AFFX-BioC-5_st"	7.31480223664553	5.98820885241642	6.03485271172595	6.14219015467573	6.76178842952782	7.35912191128409	5.41632112467554	5.79429319189789	6.09238334062037	6.70701655544189	7.68361689214411	6.26904358964382	5.70095586605762	6.80783479397821	5.72513369734133	7.13903708827058	6.04303073793227	6.25070358010092	7.57848573817148	7.30809850996499
"AFFX-BioC-3_st"	4.90907865870761	4.49485665394882	4.38552996085707	3.74398583865096	5.4456276993124	4.49143192956059	3.91983479275673	5.80463367299302	5.77587955595747	5.51486337884925	5.07016687635147	6.19913757255293	4.78258057651027	4.82301248260013	4.06975010789521	4.82488655701122	5.26734380493829	4.77306843138961	4.96949833562463	4.45257484554687
"AFFX-BioDn-5_st"	8.2652083722457	6.69388848137552	8.62559622683439	8.4754186077895	9.72109446177077	8.97077961278817	6.2776157745191	10.0507124832988	7.77414688278145	9.16223647439276	6.17861146731503	8.8352062334671	6.88009676843081	9.52259270721709	8.31988684648295	8.23750590547747	10.3754545943569	7.2552793689497	7.0426301623673	6.89793804545079
"AFFX-BioDn-3_st"	7.34315242117673	7.32413393263219	7.15049126720351	6.45701030617716	6.50580571984365	6.30209092980839	5.49162989944138	5.49770007645835	6.75472181010682	7.53702168319407	8.03291972921383	7.60115462481602	6.47010035403065	6.08835075100316	7.23138372347969	7.64030537852609	7.14185058561225	5.86797854322663	8.18378944803164	8.32383938008891
"AFFX-CreX-5_st"	6.84188665946743	6.08859791529368	7.46946114412979	6.11326392739559	7.18525100699639	7.42417850415099	5.92313475230472	7.34690588333775	6.78485083285094	6.64772687467707	6.98186288126837	7.10207808211623	6.34222509202321	6.95373461954448	6.26043511052087	6.10212948628464	6.61662938377414	7.27239965190596	6.89263553223744	6.72180774747885
"AFFX-CreX-3_st"	9.38196038607261	8.95520387898756	9.05914754510858	8.53979712595825	10.0092942701158	9.31314982372444	8.91367783496296	9.22086393768283	8.51454064394685	9.38549020660195	9.31461884679303	9.59502119417663	8.55679502434136	9.421930720781	8.99171611239384	9.07269516686165	9.1096824781999	8.84309219032221	9.0820601235778	8.24542906662987
"AFFX-hum_alu_at"	6.66719546745777	6.26380049373366	6.50746053305004	5.75608868486863	6.35033961162794	6.01549610753209	5.40215905339755	7.55070295635427	6.15431209872703	6.32831674207518	6.71824900897609	6.36778458875465	5.75422060656355	6.24932096245627	5.19376231397133	5.96151886333695	5.42921919544336	6.54754261630107	6.34225036036097	6.14051543849373
"AFFX-DapX-5_at"	3.77371584532361	3.10066028972917	3.20781380998302	3.56498381942969	3.94696117076338	3.01701855004835	3.74120943560656	3.90394511434762	4.53967558568544	3.10674153080621	3.90259669398267	4.66209976304082	4.20905818039452	3.96145832777868	3.23323281368695	3.72895691514623	3.37496491060944	3.69649092509464	3.84169107571697	3.85603134833976
"AFFX-DapX-M_at"	4.72006528458395	4.47152368259708	4.1121992637398	3.20151644651234	5.57656052208376	3.0425508780059	5.06497326527321	3.14332087105126	3.17688160431444	5.45739955380397	6.7060512997279	5.24844913500709	5.21966217073805	3.06964952078307	4.60298653255598	3.82415231933309	6.61803814417992	6.57180134179826	5.00557184949741	3.56247123304059
"AFFX-DapX-3_at"	9.78714823582742	8.61137595018257	7.78431033306796	8.63192890693416	8.71775014623024	8.47372789539114	9.29220218573822	10.0485952445236	9.93410153307277	8.71833235627813	9.23889780323703	10.1479885156821	10.4431000708077	7.6621166790693	8.70185548051248	8.18978447451869	7.49571655706968	8.3856286223648	8.50976740770764	7.18068121900682
"AFFX-LysX-5_at"	7.09791877660113	8.03250321872461	7.46597521010911	6.85159483972534	7.31883577062984	6.75165305500332	7.74883604785702	8.43202677667762	6.35249260510899	7.80790843658302	7.71823441510428	7.98169235223335	7.09845342608318	7.16120684750591	7.50417952340219	7.91911323443746	8.05720437160472	7.56772420095155	7.90224253452256	6.80527941707165
"AFFX-LysX-M_at"	9.8120152902878	10.003140661528	9.16465459942549	7.47448290179733	9.87626960522135	9.03256493980559	10.1146880688279	8.91709735906242	7.82329098978581	10.3913080209418	9.44278047490418	10.4490125867112	9.7069989787971	9.62144018386887	10.6182202690103	9.41408657372138	9.43100277311762	10.5767640007927	10.1093345612822	9.31620856450398
"AFFX-LysX-3_at"	6.00552581257401	6.13131348363333	5.88331171960771	5.62280825879044	6.52776159563991	7.31044840895224	5.97959484914138	6.13320059037524	6.43604622381631	6.16883253300381	7.41625788101519	5.34296410821374	7.20794623539377	7.02470072611757	5.77267585509702	7.10521739484191	6.37889770998634	5.99183358268839	8.94336259195958	6.55240878535286
"AFFX-PheX-5_at"	6.20146415214371	6.80593943848116	6.39160534626144	6.40250528622157	6.6434730123376	6.29616488638603	7.05042233855267	6.67306664030652	6.14676706212344	6.96979511171339	6.0424644935067	6.17910738512037	6.28414216240924	5.97722473982569	7.17665889061723	6.81105458328622	6.17222434457011	6.09229641642962	6.41243518120092	6.1720817925084
"AFFX-PheX-M_at"	7.49801684121293	8.6911786043636	6.8036378348312	8.03169634603859	7.2205915941027	7.9429087223128	8.76746412836068	8.27971734863178	8.44344138577027	7.23854729571087	7.18360793576088	7.95067717044502	6.51546148685097	7.15563162344926	8.95953236895091	7.10863982895435	6.45480977901377	6.83701093914568	7.25905823614467	7.1194912275004
"AFFX-PheX-3_at"	9.05981281052285	6.82083948097646	8.52925622345101	7.79378148433358	9.21808550149097	8.27298575581399	6.62634423738602	7.17805701098351	6.97529345330762	8.50989838810272	8.85210909861358	7.404534575689	7.64799833407938	7.33666120625455	7.82785043094769	7.43469142508095	8.46058559393569	7.47956961154503	7.84061826211501	7.87371099427685
"AFFX-ThrX-5_at"	5.34484827886674	5.89633637226116	10.929401530191	6.74787118303773	8.82957243524677	6.46382096877462	6.34616902525209	6.08755242163981	5.42049993471493	7.06709279927442	5.38663834988162	5.38331695255453	5.43569891492094	5.2816484611964	6.20044498678662	5.60297420875702	5.58513224748259	5.14709406192097	5.88830656931026	5.42373789523436
"AFFX-ThrX-M_at"	7.88296005755909	9.28784622329384	10.4348313117548	8.00065760964385	10.1523042716638	8.48002490110109	7.83579240219179	8.32942363662228	8.32592289374041	9.84672862635165	8.8546854912903	9.76224671806019	8.26912939504402	8.08294289184159	8.57189622542964	10.6794459483009	9.02793767629903	8.25993760264203	8.8075414262935	8.34567427012853
"AFFX-ThrX-3_at"	7.74810092542516	7.86844561671336	6.40398129463842	7.60729643824082	6.28965998255147	7.298933658371	8.01491894321189	6.95813472862639	7.56613427834461	7.55627898320715	7.61524326395622	7.86736908783521	6.99949040171349	7.17317016532504	7.01466379854245	7.95363540700688	8.58330058404015	6.25209848689967	6.88147823530682	6.5824294946861
"AFFX-TrpnX-5_at"	6.53769515669082	10.1135138946626	7.48436837642469	7.22373858522208	8.85719534243845	8.74339737557216	7.64241271868846	8.95038371767543	7.33788739196138	7.04672494169552	6.58468329875074	6.42623335703287	5.8971021820215	6.42567590524646	7.66399368790623	7.40909421021349	6.49777308445759	7.0859253375472	7.14759116450837	7.44810195413104
"AFFX-TrpnX-M_at"	5.16292413434459	5.96675239432719	5.9879859396114	5.61555287909994	5.20191294079033	7.26845519011182	5.31070621637715	5.57111938905487	5.65603972184068	6.10988051329261	5.4534253104878	5.30252320421816	5.40169473869197	6.41211182741541	5.78220824322937	6.62007427326997	5.47570581921856	5.49280597898713	5.62696405769103	5.48091934887995
"AFFX-TrpnX-3_at"	6.46444244204033	3.72004784873749	4.97301065244334	4.38585829979352	8.05510526348353	4.08205283122348	5.13607314550582	3.72778197343654	4.24223615341356	7.05381931315824	4.16359464389337	4.38401140051573	4.08354165120881	5.97613478098434	6.91660378187163	4.73743428388198	7.64443063503619	4.23856238098299	7.45765792531965	5.60244012584899
"AFFX-HUMISGF3A/M97935_5_at"	4.42796914551376	5.48204485280429	4.80420117149085	3.88934414324815	5.0017937966605	4.25704956349861	3.86746846942572	3.7015155372367	4.79448686226686	4.34829091015525	4.41357841428525	3.98857406749123	4.33483481721242	3.97374473680849	4.31906966216257	4.28653706325036	5.94987269146334	4.48428385176646	4.87056762044039	5.10479498974773
"AFFX-HUMISGF3A/M97935_MA_at"	6.86501283573203	7.18424302487488	7.15815679202836	7.20169233378619	6.82712001699923	6.55262047147747	6.87362784059311	6.5249017773237	6.3980996197257	7.59548265337045	6.72604769826236	6.59614074438386	7.09347288517649	6.98163828295301	7.62880990567877	8.00915003941089	7.87550580981366	7.17979717526564	7.04034601510668	6.60844298196667
"AFFX-HUMISGF3A/M97935_MB_at"	5.81351982528902	5.48770309605572	5.48319069448973	8.11138165194722	6.99892293430628	6.89732294264932	6.06185157727196	5.42046114473751	6.18852068763162	6.87176546433007	5.91607453923499	6.08254781202375	5.04605670815446	5.42059447371949	6.7562063458474	6.42703845408774	5.66397341014593	5.55659523306771	6.26983969873287	5.61537463912366
"AFFX-HUMISGF3A/M97935_3_at"	5.8116059289016	5.9832753801368	5.84294924658955	6.03323144956801	6.64792555723525	6.47498808386172	6.57899430207851	5.8514402862086	5.32843856490569	6.10817698351561	5.9400396105289	5.74485328176643	5.91771782308286	6.21932224769292	6.85498562365807	6.15785368033058	6.05432121069857	5.70119738719308	5.56139961318063	5.77596665519394
"AFFX-HUMRGE/M10098_5_at"	4.86820071024979	6.12234024827132	4.78116085521367	6.95629015172808	4.70814269140225	5.57789668897818	5.41847532208806	6.44212065711223	6.1681317941283	5.38958236962074	4.89275226105988	4.74373096545585	4.8257667390589	6.12261647900908	4.34239361206527	4.44855658094451	4.36917246288063	5.14017748452697	5.43794099984995	4.99599879206985
"AFFX-HUMRGE/M10098_M_at"	6.87523951358697	6.31513156998548	6.73044579516314	9.33849054628464	7.28268370943251	8.90768845921054	6.78125127444954	7.95381200454186	8.69763027391484	7.82672188992596	7.42083423049001	5.94258799616014	7.59515887508712	7.95144508456481	5.80226490448854	5.64947679987353	5.30341444176593	5.80854283363383	7.40005582562358	8.36696433866452
"AFFX-HUMRGE/M10098_3_at"	7.67623585684975	8.44495322360218	8.34756042992219	8.27582337241722	7.50472725359538	7.42553212928474	8.78029912017118	7.54475880145197	7.35124379468771	7.71740328504174	7.64800242451581	8.2552234865701	7.84101801953562	7.57471343641368	9.16032416958433	8.04977837483798	8.11205653298349	7.89356053713897	7.55920537152411	7.87864691879199
"AFFX-HUMGAPDH/M33197_5_at"	7.15864657568228	7.10533713880968	8.25157262425938	7.95657096049899	7.64633564477827	7.19925592415384	6.54976389906853	9.6936735855393	6.78086969145064	7.34561828073588	7.19382409270685	7.17464120791563	6.73921144148522	8.11253581138953	7.35738053515649	7.89303856558274	8.48852493707621	7.03670413541608	7.22391092260748	7.43970013181717
"AFFX-HUMGAPDH/M33197_M_at"	8.65417210346284	8.44370562459956	8.52182098060327	7.85458457663256	8.46654428550435	7.57123999202369	7.63869889069502	8.16802821035802	8.01140527422767	8.7959783313988	8.93292179371258	8.56404028833346	9.23869940703589	7.31268977961333	8.84886185201266	9.06000353275907	8.56799187080997	8.65364279340559	8.55627506020297	8.1976363109415
"AFFX-HUMGAPDH/M33197_3_at"	6.08112316682426	7.00084229825462	5.75108974687186	5.71219384295654	5.62594650115458	6.15548137684707	5.52971551858944	5.43450330213743	7.49779017505371	6.20980087455263	7.49738136013893	6.87036755651877	6.16149269980816	6.55279101434205	6.34545398716022	6.2123292418787	6.7101094989598	7.18088170475747	6.52409597771116	6.66598487583513
"AFFX-HSAC07/X00351_5_at"	8.09888847901017	7.05751024895467	8.01320478110935	7.29358213096749	8.66136732993538	7.92490262408138	7.1356611156462	8.40670706036331	7.82536560117327	8.70518285981478	8.38505668534899	8.72013255900012	7.77044756571287	7.4483422122316	7.36893964580983	7.76629091531103	7.62978146494329	7.83662043490752	8.34397028714687	8.09173240909717
"AFFX-HSAC07/X00351_M_at"	6.78168147563341	6.99020418673387	6.17116176403986	6.42345974035391	6.52994123005666	8.67646871575838	6.65724459175928	8.49201300353243	6.65157682022631	7.22382931656784	7.48520094286202	6.67814052251774	5.10334930462164	7.24154099899023	5.18541672023204	5.44813543461827	5.74141010561184	5.63235055680987	6.40796312949584	6.34847157394228
"AFFX-HSAC07/X00351_3_at"	6.1175435704912	5.49483409257202	6.58864754298322	8.03974764902341	6.52378188456306	6.00899469307656	6.65000191362505	8.21307017545394	6.42709461400298	5.99537386501023	7.1090618029844	5.89509904878759	5.79801350671137	6.73409457208237	5.87824542537464	5.78832426937979	5.85970289395499	5.17527893389441	5.31778574415101	6.09535273831762
"AFFX-HUMTFRR/M11507_5_at"	4.96506199975162	5.24169293034009	4.45196334794614	5.7638213305231	5.22694860091797	5.05185343595943	5.60726690768954	5.79570358919648	5.26737123215996	4.5253272814411	4.66848156978027	5.46391717028495	5.37306949080457	4.96744623174644	5.39062897871664	4.87947100783992	4.6747729388547	5.07399534430473	4.78427638997866	5.8039900517672
"AFFX-HUMTFRR/M11507_M_at"	9.60263181709295	7.36128038143447	8.21405056481169	7.75268721313927	10.0273807289315	10.0762057771806	7.02309185962294	6.87116182201668	9.04090311557158	7.56057477682648	9.48009164507356	7.91305909292065	9.18969970594357	8.34488962411936	7.90893412411008	5.88212676487611	8.36385756245767	5.89410102682296	8.8128718298479	8.87877340911956
"AFFX-HUMTFRR/M11507_3_at"	9.85771919416332	9.50954283933071	9.22714611823324	10.1375047585753	9.6504621757567	9.77151374710928	10.1918266498004	10.1984234121694	9.72169258895905	9.45743452191613	9.37803859587878	9.21523724035995	9.94506907014459	9.56528011705493	9.14289018847207	9.11849036967364	8.5156791322236	9.50520217804903	9.36081190583302	9.45153104691782
"AFFX-M27830_5_at"	5.746688153076	6.17756888676187	5.5982877980875	6.27126474724848	6.56377053255193	6.54845014153628	6.54265315351932	6.1260219595326	5.4312844900692	6.140267700741	6.05103561240081	5.25590427609513	5.81972809993175	6.23726650324465	6.95066328913223	6.11198731635081	5.78740148402567	5.24587148243443	5.82797894951111	5.66320176706107
"AFFX-M27830_M_at"	8.02330563158932	8.55146521388488	7.64632855459876	7.65417100227094	7.81254149791215	7.32247702247679	8.58417675826212	7.74457915218674	8.03936011518642	7.7705883411506	7.66460195738599	8.4319386069339	7.97692303888602	7.58124657603658	8.68809202071055	7.75421513013765	7.8113567806203	7.67018875963254	7.72818926016023	7.68862231364837
"AFFX-M27830_3_at"	7.46496837472414	8.35733904551731	7.51838601242278	8.14182875150071	7.95553056185139	7.82912412684341	8.63840361138822	8.86939938140197	7.13217264029312	7.99506343447715	7.25532447739608	7.86022956149968	6.83126977275848	8.57884859520234	8.33008053824118	7.83000375605005	6.99461703696463	7.21753220996349	7.40866536923446	7.18464874645129
"AFFX-HSAC07/X00351_3_st"	9.96121104799099	10.0168445117523	11.1123044525871	11.3747680464719	9.79533076068651	11.4010874314839	10.7412947106922	10.5981591198178	9.67623649760696	9.91327400962574	9.65829119880835	9.58743457442477	9.50326649178698	9.16411625805842	10.5884290084268	9.11287218569587	7.72248712931973	8.57420951592101	9.36974417674027	8.76791423496965
"AFFX-HUMGAPDH/M33197_5_st"	5.0788507573088	6.27800406383737	5.32046047787985	6.30093076852008	5.49477645480584	6.06872766654618	6.54321784710892	5.0202223170586	5.60183079931488	5.16741742082555	5.39509917457402	4.54648930164656	5.41362315714774	5.04172725824725	6.80105376330685	4.85120978245637	4.51931374400943	4.93103835129175	4.85089721456019	4.83688929875004
"AFFX-HUMGAPDH/M33197_M_st"	7.36315588359882	6.72334883355801	7.14204467390371	6.56938959437672	6.94651176426813	6.8250290698025	6.79643420831447	6.7494039047495	7.25078689962412	7.52066609828636	7.5530231787538	8.15321400229754	7.37194921376929	6.72017252790905	7.21970075611723	7.85793437556826	7.61971985714235	7.62922325307031	7.83401765755326	7.11624166969101
"AFFX-HUMGAPDH/M33197_3_st"	10.7105492635597	9.51013724257204	11.0273870576056	10.4819887593314	11.164020958175	10.9134236432617	8.69639052369969	11.7869578285457	10.3466207858144	10.5080644715317	10.8475698705453	9.23909304458014	8.96932241495384	10.436023623955	10.167899078971	10.4362328337208	10.4982238988493	10.0666898792219	10.3489673730933	10.976535681233
"AFFX-HSAC07/X00351_5_st"	4.31805677177119	3.59852895992999	3.66247867724268	3.78085709928931	5.81643352675416	3.67663944441808	5.22552769114465	5.15584724016285	3.5583775489185	5.20591713537919	4.2167348398599	4.67953381666202	5.2156300568066	4.59093499124786	6.10821869994983	5.18173273673642	3.78843992624939	3.97416393257879	4.24759308467953	4.26696271530292
"AFFX-HSAC07/X00351_M_st"	8.8253928098003	9.29218108417549	9.76050739920446	9.94139184089851	8.99121585056552	10.0090727815903	9.99277159428516	9.39705056415597	7.75752125525963	8.96076352484604	9.10658099952792	7.6428780285947	9.22771659200084	8.45796834771686	9.6401848472209	8.84381874896167	7.86238311165772	7.90364551729247	8.45663237924116	8.7393027171636
"AFFX-YEL002c/WBP1_at"	9.99254312315593	9.30671186695771	10.6562957253365	9.94334029132936	9.98396828679931	10.1003548781399	9.78287722771895	10.1030119292738	9.12499823798058	9.99262056324658	9.76766694753437	8.84634833694462	9.99836361599637	9.5259121658369	10.0243643073773	9.89385552815272	9.16838679392199	9.18843606239517	9.59184374751299	9.93770698944243
"AFFX-YEL018w/_at"	5.19182780881693	9.23729282028008	5.35612583945777	4.23722543270985	4.99651270296311	4.07615214245233	7.58278037221203	4.64710021488152	3.97947453430885	4.21433899153706	4.19413202474004	3.81188599053979	3.63697641103632	3.9954297045287	4.09713159572328	6.11028786426265	4.28114644736133	7.90424164285199	4.39474698074662	4.10947617624078
"AFFX-YEL024w/RIP1_at"	7.95985614022771	9.2497593964982	7.26859631263092	7.63502188886778	8.64640256276478	7.93546581715305	9.11125015816901	8.86055895672617	6.84563115537764	8.57158289776352	7.14848308420943	8.06883545889837	7.0420280435532	7.27691445168417	9.6193681854213	8.14317147657329	7.13452652131063	7.50454595313296	7.92836870478908	7.98478762870918
"AFFX-YEL021w/URA3_at"	7.19357452375335	7.46460585211234	7.44850005127393	7.48011944239852	7.28040092429421	8.78378364272892	7.91149881654447	8.20562907769573	8.25950166224621	6.81454222807137	6.70675732170681	7.1901730350956	7.38472450200086	7.72827549473379	7.52139426720932	7.47269951535983	6.51460833847376	7.56426717482268	8.03096595003422	7.36329977719565
"31307_at"	6.88858572357038	7.06370178175984	6.30228088187422	6.63476060409326	6.93851156951853	8.33776599933612	6.74174197347337	6.76470715097401	6.99902539918307	6.42576272281323	7.05379452156583	7.16666087651578	7.26773528029495	6.74701908937717	7.17397880537495	6.35172178550359	5.91313331195861	5.83805585635292	6.99506055206986	6.46147555162316
"31308_at"	6.34461283347155	4.41993312120326	5.69577030891795	5.15750845769148	5.73658041268853	5.98209055414954	4.77985811501556	6.40851173127395	6.133036216865	5.73919308004077	6.13877543709355	6.5650780056635	6.40136618038007	5.67107431154705	5.06259385644124	5.89421258414244	6.09341441180377	5.80524856459958	6.08907907640351	6.81314958051944
"31309_r_at"	8.75208784846796	7.98403462496581	8.3867715116319	9.87244907553637	9.27720796829381	8.12775912386616	9.62591697240678	9.30523123032032	8.84072102840191	8.38822328181139	8.18327125772188	8.62618719902326	8.75683462180404	8.95240507482409	9.60468892099413	7.99631287099895	7.32588722619626	7.34143887313319	8.77453275839193	8.34706364767106
"31310_at"	6.17529660083231	6.43486932274662	6.20554294585485	7.51140871941294	7.21574210209441	5.55666797023819	6.32513339712765	6.16568199907868	5.33890502074785	6.78438961638931	5.99874565302702	5.77765406379282	5.25204831345106	5.72342626503857	5.9936022489941	6.1797851825062	5.0186170894059	6.62292071754089	6.36247331301909	5.82413400187555
"31311_at"	7.11329903268936	5.76214810193732	7.21457736536448	5.93713881695859	8.26486233616358	5.30156775175943	7.3644003580348	5.53245056152805	4.97604669377361	8.06788168509365	6.56129468300125	4.44711859209446	5.36128543376586	7.99729032121322	6.91145573877725	8.6137442781477	7.9000778282029	8.60559851517625	6.8504315660424	8.98690328982943
"31312_at"	4.47800974256249	4.12202809964556	4.4844984542078	4.44812912245754	4.88149625341303	4.73045574828121	4.13310560944188	4.4484723565436	4.98792448714925	4.58417984745	4.46386272148676	4.81039607628147	4.68625393413137	4.26097040568346	4.38925013315275	4.31027150292955	4.93700056636182	4.06580293337485	5.00788474992903	4.07767615615455
"31313_at"	4.83770241140462	6.2337900002387	6.13031470198905	4.54678001682027	5.69339656110601	4.84410876304251	5.73594745719031	7.02903965064475	4.71555222671056	6.1300934329071	5.2394511341629	7.06896751782529	4.54509655123556	4.32421682919633	6.91836377492722	6.63468673982497	5.37394417192778	6.61488287275232	5.85826870220572	4.96672838871725
"31314_at"	4.29869603488796	4.31644810440401	4.76849443114057	5.46930943023326	5.7186699479495	5.72211879207536	4.27768522921909	4.09195288818155	5.6267852368344	4.21777448257743	6.48767604444791	4.58043979075569	5.85666802580702	5.55221770843516	4.40065464112111	5.47169286181621	5.0793118746757	4.27143326065429	6.84081373317818	3.78371160542327
"31315_at"	7.10637748780103	6.40008119501256	7.02509820611145	6.46944018255394	7.22613386560079	7.36019117181179	6.27971000625497	6.73263900744611	7.09061877850819	7.2149647840186	7.16651389619187	7.5723907849782	6.70524876292539	6.52025946019597	7.10569543147327	7.01881410048348	7.39389180760908	6.58385926115294	7.17352548170029	7.25349453395039
"31316_at"	10.3401430178311	10.869972344555	10.0727076204923	11.3975538540692	10.4123648430185	10.8517732462005	10.3871860999078	10.1306045075099	9.99089775240164	9.48160680034919	10.672496618953	10.1134613592512	10.4352692053263	10.4789638373386	10.0122143039002	9.35729260517783	9.75820871301601	9.45308073888301	9.93504314408333	10.3489232048789
"31317_r_at"	7.14706740128064	5.76332727722398	7.2984034277812	6.54214802476208	8.88431283578988	8.81732227787797	5.7331313651638	7.27090496172238	7.16028350280579	8.84038600693657	6.31023247189856	5.82981500999494	6.06222434420445	5.83877311432408	6.11934108177827	6.30017112636411	6.74296393886882	5.94741608354682	7.6013530440962	8.09613042719378
"31318_at"	9.48953303401619	9.16459906830092	9.15847525622768	9.20774580085086	9.77136140739111	8.92649144083331	9.56888188994737	9.00512076975876	9.87929443938738	9.64154133170784	9.78126061751847	10.5025722346586	9.04820455504424	8.53000452012351	9.92375716530394	10.0054849822442	9.3600626131299	9.39546626470191	9.3556180962874	9.40681646303907
"31319_at"	6.45655820019204	6.49169295464748	6.4311703325609	6.31341067573435	6.67115326944976	5.98547930909623	7.58391680851916	6.66997452884638	6.29893835979468	7.14280502248829	6.22470184011606	6.46775255313949	6.71128230035303	6.41286387416811	7.71369109676037	7.08525102890728	6.46185707301971	7.03208083278264	6.68296737094614	6.2969725179194
"31320_at"	6.05029713662286	6.40087643452931	6.42881675208019	6.05783570256036	6.59474876519865	6.50906426818677	7.33343015247772	6.64038365538743	5.76225759115701	6.8624138847264	6.34991857666337	6.59884828973431	5.99878299549486	6.42584287263089	7.06580205464331	6.91182468464913	6.47037118797103	6.61220468123627	6.20444968384087	6.44348966080944
"31321_at"	4.44158982159638	5.09552060477392	3.85131718486043	4.15270717314398	4.81497200364436	3.79973745707096	4.84446171533061	3.00731945706472	3.01477930285441	4.9453706465946	5.92286266331151	3.7187013603583	3.17271428894804	3.67838392825367	4.51108270456994	3.87267903418174	4.71266380303866	4.19868493508386	5.11408316437724	4.46695544789975
"31322_at"	5.37607357644573	5.43514712837093	4.65494458225141	5.06678796715494	5.56785034119	5.33393672526686	5.52667776739613	5.66237293451707	5.07915970378707	6.12686787875115	4.5777429386113	5.79663159356355	5.08595189223656	5.55945987409739	5.39670492037571	5.09767450488134	4.96353559673174	4.77562441563545	5.15164677562928	4.20280643514307
"31323_r_at"	7.37883623659721	6.55258115475518	6.76541848605419	5.99729991717599	7.20358155462509	6.75211966598727	6.1832669598509	6.17938830286175	7.70425401455439	7.40023055451329	7.16852991420438	7.97483220778454	7.114157968399	6.4852185412633	7.08025023841061	7.43195300239341	8.0876236877493	7.8089758625234	7.85045220185264	7.49139084163423
"31324_at"	4.92784133087371	4.89193979537426	5.2860948704274	4.68706874050465	4.97596463678381	4.86460324794109	5.11918866113967	5.01427879606274	4.69789381785607	4.99095045001673	5.32224002590078	5.496085398484	4.47011224670383	4.9768127207895	5.29991974124611	4.88345968616247	5.21155974180492	5.14288717202439	5.048655428086	4.94687612238116
"31325_at"	4.34640044566858	4.58063341469148	5.18698145789656	4.50504970849366	4.35027705475072	4.43732295184283	4.53756391256638	6.0204802041366	4.29027985770595	4.21495609344281	4.4802752222961	4.42015644071723	4.32696983695043	4.39172867715132	4.5160863403314	4.73070867358738	4.92297178857919	4.52909837623718	5.00502162860554	5.03354437011047
"31326_at"	3.93551400142842	3.77996132444066	3.88971918370806	3.61141513967784	4.5377175152923	3.78848639269384	3.27858657350447	4.27858044277808	3.82429938700194	4.37179460608155	4.86355716180635	3.92097854206214	4.27655364514189	3.53849993249698	3.77669353399675	3.45778466872749	4.02942030413865	3.84100858336182	4.36258711186392	3.8630712897596
"31327_at"	7.16763879657506	7.05864925242288	7.43523246622431	6.41850235266304	7.12814285215072	6.76138854231625	6.38478755232674	6.71405156480021	6.44700675892581	7.40483092433247	7.17308756562283	6.2708596654601	6.96393296892663	6.41263632815053	7.1814375091405	7.56236364262985	7.47878199564542	6.4852558150461	7.16463561456209	6.85470962950479
"31328_at"	7.34799273730792	9.95676438492392	8.06937777783645	9.12775861110301	7.57697464135003	9.02015204028038	9.43590431433961	7.78129843052262	8.34471156884723	7.71148584737723	7.64246300053883	7.66717657200943	7.37489526782733	7.45984946234743	9.49209953554471	7.95465966498283	7.27182802127373	7.46285325459754	7.33008500301677	7.43089890023127
"31329_at"	5.26727485813719	4.71693819341835	6.24749046491687	6.35955804916826	5.96449091289738	6.39162474912467	5.54401016587399	5.47414606085414	5.92591081309366	4.02586626565346	4.87894670895885	5.58679610381318	5.86706719527384	4.58162176198724	4.01170020682227	3.79935861122381	4.12683849189699	4.7174292581715	5.25524703823322	4.90270614842555
"31330_at"	4.31148969280911	7.01942820800459	3.30396504104955	7.05316175607559	5.32552324816858	5.9264346720702	6.70054180339888	5.1533446437535	4.16890410810342	4.60586396104254	4.39262288439985	3.8692290538434	4.57200122476391	4.65690779715558	6.75030997423185	4.72802871735377	3.99478063896237	5.11285347826403	4.45225438808143	4.56499598728825
"31331_at"	5.34372442756136	5.90795611930246	5.49278500115662	6.33717512035597	6.07368246228237	5.81719631246266	6.57309410979804	5.44923826617315	6.04001669760982	5.44969555687842	5.75249867134729	5.39994774194503	5.18915384670345	5.27556153267959	6.88720651109529	5.75715655688966	4.64657077043494	4.77050365130291	5.90565344962969	5.19819205947129
"31332_at"	6.90583691549894	6.37160894952421	6.51927002730931	6.54985467431203	6.24380174345792	6.46152107026166	5.93537943431912	7.10866668482711	7.14483555854181	6.65705004097644	6.97126343736903	6.51514103839079	7.54249261555943	6.92611920439622	6.31881187099343	7.04581935801204	7.8186541840566	7.02925533005523	7.16215241475217	6.73849872818865
"31333_at"	5.67266164114736	5.38836509928102	5.9583251568733	5.98296378550793	5.49318043092864	6.50927603543236	5.71953663048423	5.52330252329575	6.00700190131558	6.00337562588402	5.81512949578912	6.05807015356087	6.1100624449033	5.49579460508447	5.79637626008337	6.10910739926997	5.57760156122252	6.59890276798288	6.34480593521308	6.88710440664422
"31334_at"	8.56134977222191	8.16790522881488	7.88195677735409	7.42565918759839	8.58524012577692	8.06172440109439	9.67366698067189	8.08036348039544	7.06878018848762	9.05667094516698	8.29024490137607	8.92979824022707	9.07470463536885	8.41453563866899	8.46299040524133	7.57169411578741	8.32666683633529	8.3268864803313	7.21534974111187	7.87726158942684
"31335_at"	7.4744863818471	6.59989826465604	9.56004169258498	6.07306571336425	8.29377530849165	7.11038413729165	5.74022056557681	8.10317662263616	6.21448515794194	9.37518606294593	6.91693186785043	7.13163780853815	6.16184020327569	6.0736250050307	7.2769413523701	8.89562399657	6.52125748307492	5.88929127525489	8.4730420431061	7.31789377811815
"31336_at"	7.97261865231902	8.44519499280548	8.00282523406631	7.85855798893199	8.549529256855	7.64450048416788	8.62360574072795	8.79838203877799	7.28385445889203	8.82173624229951	7.70813747302794	7.37124158463245	7.33651251500697	7.60866387773992	9.01192524833016	9.02528824315663	8.49458314007251	8.31939717986379	8.80831297174942	8.17016391981125
"31337_at"	9.17014402203031	7.92282354402488	7.93203501544864	7.88598877638084	8.9152006482336	8.67478894624874	6.69437890680042	8.71044314722539	8.97757400619632	8.88226717831464	9.02593726774056	8.59683801632056	8.26963893158803	8.72008641560168	7.72426488401381	8.30061606277986	8.1956082702407	7.48340119085137	8.68108153817342	8.15826856371457
"31338_at"	5.88215376490795	5.90959577188908	5.91651138719381	6.03855246665419	4.93155345605646	4.97686667638422	5.15283335533234	4.95576381656433	7.59651134526006	5.87451117090664	5.05464705179051	4.62542254265071	4.55433954695539	5.3480119396878	5.02988016545707	6.37330536258932	5.32758810653732	5.49574691452674	4.81163906859509	5.72840050713069
"31339_at"	5.73040331536636	6.85667914018085	5.80235415580064	7.00716848115835	6.02029886178015	6.50680001267238	6.99520897449153	6.13901430149378	6.76171968864111	5.94697066515224	6.08729438011198	6.0992351071999	6.01798763195932	5.86334667230718	7.2407014168422	5.68942083563821	5.53241115908588	5.55287656667301	6.31417513289275	5.43236460895018
"31340_at"	4.9417864817635	4.69231322270135	4.76876905742754	3.31224336686976	5.41653928326181	3.45805773412813	4.91231957361193	6.62104792446396	3.75887935454042	5.30789841419498	5.08875895969553	5.65053054178937	4.3800194331133	5.62749560055624	5.00390566872	4.78417808131256	4.71131667697984	4.52258757149617	4.72684180501396	4.42487532502249
"31341_at"	8.1569287481719	8.55858586535915	7.68454392224642	8.43684600271283	8.32250425427613	9.12734091543267	9.19318089659282	8.08752073482309	7.5990627073837	8.48714729540574	7.29701725731582	7.86983209775168	7.66554187011909	7.46523682813253	9.23608809166019	7.92589728341217	7.00495179833545	7.420561595786	7.77117311421141	7.62385992762275
"31342_at"	8.36023334350554	8.19651639788557	8.28036569416606	8.22871148193255	8.67384470533044	8.77222659389832	9.40258993094822	8.35753376416922	7.10311292990286	8.95776270790148	8.51432339352021	7.61996885644279	7.7840834706959	8.33186348005167	9.33375039349445	8.3241686281213	7.25094897927423	7.33204666813177	8.16343195574681	8.42612077809487
"31343_at"	8.19064582592502	8.66767242316213	7.67854547436328	8.79295750941887	8.50960481527943	8.65848451113414	9.27072433283293	8.71732702209409	7.78813194027903	8.19558567836432	8.08937089096617	7.97438433037777	7.94831752977414	8.18073204385314	9.07925349984453	8.19063842045746	7.2676788279425	7.69792270419801	7.87607797369907	7.88738012317605
"31344_at"	6.80910062922049	5.7402540795056	6.74985503041022	6.1081335273103	7.20313690244813	6.97490789669716	6.84168119298035	7.16236295462236	6.64995880190288	7.20811104350783	6.95112338930508	6.96398012725076	6.95642415651125	6.65857730151649	7.24972384756095	6.7802720450611	6.78395038221306	5.74798609133749	6.73555949130692	7.26877688812629
"31345_at"	6.64445028633781	7.16751337541483	6.28225900136042	7.38957124397126	7.22005329929986	7.96862597822318	8.60664904450889	6.48923725900281	6.30487699776375	6.7297095121779	6.5110419530965	6.58454509042805	6.65590578738955	6.31647278719817	7.12256231833534	5.74871487359242	5.8047420143141	6.19837974671944	6.265484693849	6.67397632602477
"31346_at"	6.15385045430192	4.98131832499852	7.29225404818005	4.44987791073298	7.26923348954393	7.0173174111	7.65111945389186	5.25294718657144	5.0047706533859	5.96826061333036	4.2209351362286	4.59761850758627	5.73192582588411	5.45575409973291	7.39344112376192	7.81482358996706	8.7491113194892	5.42026967140309	6.06150919397605	9.02394484762581
"31347_at"	6.1977733706911	5.75540973518922	7.13785225501706	5.1770759374407	6.17002276374424	6.05170049251045	5.75100752691667	5.58195317284318	5.82126351192338	6.27500581348657	6.11417441855662	4.79122269510619	5.780026930322	5.37055845230696	5.37285537982139	6.41560156474624	6.20768024234546	5.93771454393785	6.04606196492426	6.72209208998335
"31348_at"	4.36548506685228	4.26603021475381	6.4377275063972	5.71921846007936	3.91160386547467	3.91334540833738	4.13579419901486	5.65041631203118	3.97356016196245	5.03041668985125	4.31110272164061	5.44281198700074	4.34457181877511	5.06806655316779	4.14900789653865	6.24146786958718	6.63316223437845	5.51800932680855	4.8521578822628	4.46459939879863
"31349_at"	6.62477710750282	8.06072842767093	6.21612669366762	8.46781507153635	6.75855226093042	7.5792029554605	8.41369940698859	5.30919411626089	6.21483349621513	6.19983696802025	6.58991076787557	6.45935989303135	6.76731542581424	5.83356596584296	6.85927376236222	6.35720251741346	6.32126817882104	6.03573526943405	6.41505281784524	5.99771541730499
"31350_at"	6.91248671616329	7.64553414216552	7.9507542810224	6.21196566103713	7.21945194269052	6.16111665090269	7.18376412774067	9.17134703137852	6.16867871050196	7.91675679634969	7.39445673531142	9.37927684264228	6.67623011591442	5.74253254344878	7.75338824724573	8.38579372602032	7.81656284535259	9.06424336383125	7.7450792454393	7.01627064807434
"31351_at"	6.1520966937868	5.67297162345385	5.52612580021832	5.96334888274432	5.47270983451803	5.75294555791468	6.2994783610803	5.0327166571625	5.56674333108759	5.35950093103148	5.93551535343416	5.45096183628606	5.87267358312956	5.60689842960111	5.24019766280965	5.77108262595247	5.62182396084355	5.30530969229367	5.29749836357899	6.12987720017529
"31352_at"	4.15939769857569	5.00995534237844	3.86956877597359	4.82703280759881	4.03080479863058	4.40310606760152	5.15104384360627	4.13777941730917	5.14076634846528	3.6473968554273	4.02629178293688	4.20540603488675	3.79696501257602	4.00821840931729	4.82513207566145	4.14600362520551	3.66070910129055	3.87516136563284	3.9581618185761	4.23322140639346
"31353_f_at"	7.15607544528459	7.54393518137455	7.33213510745584	6.98232530711955	7.34863527892662	7.215458843594	7.78356605773785	6.83348280472171	7.33701074613157	7.77985163218338	8.91052255555381	7.86478132688982	8.20730462568063	7.06804377203916	8.5865054868543	8.17506223115574	6.92829336334394	7.17307326331721	7.44290821119327	7.27571256027158
"31354_r_at"	3.96255788642162	3.86021073215605	4.73351636392337	4.21450526835566	3.50633195880183	3.70464665052951	4.27996678194954	4.91101943388262	3.80296456014782	4.16768390572527	3.94208636234589	4.45302817316962	3.94638490985827	3.80503947588555	4.17229870798931	3.90402447966231	3.86708111745658	4.00353272153779	4.07493860169605	4.09414667825146
"31355_at"	6.10354679965572	7.32889299635617	6.08287218329207	7.80144607469027	6.51750336780399	6.86666054723876	7.81181184807658	6.61098872486768	6.0582415919686	7.00986239388813	5.9375285843212	7.23119681458167	5.87537762148227	6.25209547869803	6.6874385515489	6.86161901867229	6.68052327486746	6.77724126357641	6.83086380946241	6.44137163168017
"31356_at"	5.47991867807048	5.6497009806857	6.21477808333842	5.4642169362039	5.46404134093281	5.53334108224844	4.87470232328598	5.18280459501009	6.05380677551051	6.34835206188239	6.66931763003325	6.42037438507713	5.55452462596227	5.69639062458111	6.78770219530739	7.61380235418556	5.84812307351993	5.60648249257977	6.8399610299373	5.89443513401895
"31357_at"	11.2851547114252	11.5268022897269	11.5706106203444	11.279106403059	11.0799416215585	11.5663901035485	11.2044529349283	11.5109422149772	11.5223231180923	11.0798675173251	11.3048462056304	11.2298033882985	10.2690015842851	10.6095317159133	11.3275828110821	11.1427572146708	10.4388379402391	10.9796916141913	11.3432977252686	10.6800772556015
"31358_at"	9.15302973779416	6.31750365280585	10.1752767155406	6.84862914451373	9.72167229763629	8.11624060969102	6.26722632191557	10.4391681056616	7.1194615395793	8.04585918471486	7.68406295087631	6.73870382986124	6.37240757494441	6.28315281295545	5.98522043547949	7.91790475693835	8.04343424555856	6.93189145483128	9.61727026643645	7.91251901729498
"31359_at"	7.22713257364144	7.14169579356605	6.36817434154085	6.96962548746637	6.93706169246261	6.24105880649225	7.19960832921342	5.97245859370074	6.1499112234114	5.93661787481786	8.09301557010292	5.92471889406432	8.40064848728303	6.96772687709032	6.07336600368423	7.0259218821029	7.64872953579811	6.93664404941369	6.67277907186998	6.12271802383471
"31360_at"	10.1452173442621	9.37627218113484	9.61512704338351	6.91190453051454	9.5953457122769	6.75977307260635	9.26894839375323	9.03235865757073	7.40801002139003	9.98734513316329	9.92023940465635	10.6890138432193	8.55998287877173	6.63687268417309	10.3093828038019	9.55348917286389	10.3387085304126	9.43561021957362	10.0136011705199	7.80355435427321
"31361_at"	8.37675445565699	8.96594098065292	8.0604222429425	7.75985422161303	7.89710707750323	7.47833404518701	8.6471923965674	7.89580833540321	7.65185077317093	7.95959634527756	8.68601477825029	8.80309298111651	7.53473442526702	7.32771966506623	9.31882951551463	8.25338586644321	8.38707634949317	8.13048094450565	8.2265646230787	7.49196081092005
"31362_at"	6.91233598088955	5.62159649695445	5.34563152922992	6.31035109629067	6.41276563904607	7.16278508001118	5.32714339011074	5.31595360345649	7.02801140243752	5.75296602759884	5.99512198383829	5.27578616211223	6.09098463339191	5.88263514057938	5.90179675482376	5.24027953296969	5.7726787094853	5.07225899133677	5.38531194710997	6.30026763634088
"31363_at"	8.67312130331202	8.41121290785812	9.70218700345394	7.24062082078242	8.20896131922227	9.07999217544254	7.96229046579469	8.47260663429485	8.70915929274388	9.52142790315273	8.66659769264387	7.80114395702273	8.65941387848446	7.62548308874589	7.8816495135909	8.18105379187786	8.07695959667559	7.23892080000647	9.55894088127837	9.25959053203623
"31364_i_at"	8.71342117970342	8.47806840901597	9.15818417934015	7.59314167634512	8.01424615414732	9.23996198349491	8.46735969058202	8.40015867886741	8.46771253794286	9.03835568270801	8.66663201803207	7.77633840222513	8.40802026410072	7.60519018238643	8.11398858722232	8.27431661335708	8.26610908369433	7.66770067070571	9.30285483983593	8.78950273923166
"31365_f_at"	4.07231193651924	4.90197619732366	4.65342201506263	4.45147895285175	5.03577147340411	3.79183695533454	6.22899426074945	4.77974012445796	3.47574045110163	5.39291992920168	3.62054007390661	5.45870395271482	4.12817060088962	4.05925837292311	6.08628494949347	4.65202280898818	4.41711103180691	4.50547812197374	3.99898461889591	3.2562810235217
"31366_at"	8.42771516875084	7.92268628851547	8.52690802962003	7.89454342889892	8.49714891391449	8.70050910275381	7.47548840975232	8.65710774877207	8.92825560689679	8.66173172236162	9.30923342237457	8.85327668618056	8.38538876004148	8.53524051837061	7.46710080805874	7.98536948456034	8.41154054815674	7.96682266938267	8.64805266603066	8.64999945607407
"31367_at"	10.7754542615145	9.96247717948149	10.3913826493265	8.00618340372965	10.9658725537379	7.91776403493517	9.26647817105327	7.83163832969974	8.54484153127876	10.9576809987575	10.8322658813845	9.29670849720112	9.88058680989936	7.8259946197142	10.9691275906669	10.699665547079	11.9660099450304	10.6575188881208	10.4092242763114	9.88929314863531
"31368_at"	11.1378366231248	9.95460415789827	10.6599564964803	10.7949030383927	10.7093993181811	10.1788563725522	10.1578105929217	10.5646408889497	10.6783300582395	10.9876751930782	10.9939964840377	11.2673741381199	10.5419674828235	10.7803667881451	10.7583488442049	10.5930006524987	10.0502317965203	10.4302440794322	10.7570596533205	10.4512824126709
"31369_at"	7.34474608139564	7.54885437996083	7.88037840479984	8.12020778577311	6.81257930340284	8.13692880508133	8.14522757186732	7.10485627764021	7.80984287267426	7.20993682043398	7.02186381166483	6.60228084774849	6.67158147303631	7.88698102206898	8.06026249193742	7.61655717076209	7.12843036102104	7.89694679546667	7.0822534396197	7.51513252744983
"31370_at"	5.52986535445382	6.42895833920608	5.83027182211223	6.51453039355476	5.62690309861332	5.96420319566793	6.60349766746787	5.96931894554179	6.20091675612096	5.42671209929779	5.42573531778444	5.40047269634441	5.82152629226892	5.27775976618816	5.91192521232159	5.99666588415093	5.56151396586783	5.64056566829168	5.68846985102691	5.76029693279722
"31371_at"	8.7711996458306	9.41277785412839	8.71871739679063	8.58048836156645	8.97571954348093	9.89207539045692	8.9987756680814	9.62599835147722	9.09052156522084	9.33117502126467	8.95537578548559	9.1588006723171	8.53167267692094	9.23983968875152	8.59132237053131	8.58909672337222	8.10417233365649	8.66269394354364	8.96042488390341	9.42825575431952
"31372_at"	7.92699318475765	7.68500194801879	7.01409975681534	6.62160176276244	6.44904973718475	7.66123905879502	6.84988655286485	8.60561475045648	7.25870980397352	5.87438130874089	7.99304562441716	8.69140584457357	6.88224055933145	6.93702395501345	6.19856193875758	6.77394775142013	6.61039447108983	6.76618934270228	7.86321315631232	8.33053893792659
"31373_at"	7.56147020980081	7.47466905811238	8.58999827939634	7.59878934262515	7.87189751215586	6.76951465876554	6.63104113916724	6.74407432895727	6.67838115400957	8.78596468872422	8.60487223552298	9.6980320818638	7.61040702231638	8.05749538841708	9.33131507591994	10.2957223427079	8.05109059129419	6.39845915918476	9.60939412061292	8.15888389677704
"31374_at"	5.84351059564206	5.90061535729464	6.73038530318509	5.89594661830789	5.96609170942308	5.57150484710234	4.86298408935105	5.31196102049285	5.41090234714161	6.95238102923336	7.02601616754334	7.47473937373166	6.21988491156696	6.57560433062375	7.70551226933433	8.58345621850727	6.78108181062624	5.13293224458381	8.08286833993149	5.81711437637541
"31375_at"	8.22576210455953	8.21545062457497	9.79673905643795	7.49464831940348	9.17310357443312	7.74798069848817	8.08808074420994	9.61250037679895	8.53876990526	8.92690275370667	7.96372272585391	8.4418658918873	7.5629276727049	7.94039590781231	8.14175784240985	8.92898443119146	9.24405147060551	8.25553523035547	8.36642949805188	7.80126107287163
"31376_at"	5.96759680947969	6.17335643440203	5.9535136570226	6.01876303160063	6.72895308059546	5.76347593634179	6.16122585728657	5.59677239293791	5.6371261262626	6.17000653974934	5.57816400212143	5.80361212671089	5.80528608604599	5.31312304708891	6.82551764442739	6.18583482180134	5.3949960536561	5.58161277291538	6.13443513328072	5.48760438647223
"31377_r_at"	10.2574975078634	10.0491029747571	11.153016347196	10.0451283821336	11.3768164869201	10.2548970934459	9.67017015626582	10.964195529638	10.8866259145051	11.0745100741032	10.761548108254	10.9887451624574	10.0440197697174	10.3435551046587	10.8721098540055	10.94276843085	10.7255164161587	10.6403121792237	10.6133698065801	9.95553986974021
"31378_at"	11.031260425709	9.48023865340884	10.7472095518242	10.9240785024152	11.1016747250076	10.0513502682476	9.88738804458895	9.2371877735698	10.3525931994272	10.7229140138562	10.1920282148533	11.1615647271519	10.1130483634216	11.4768986003331	10.054341158482	9.97359877312766	9.34463309830922	8.92176352713521	9.77443737081154	9.9124265305667
"31379_at"	6.91692517594103	7.03336124941588	7.50836575458969	8.1885460455451	6.49464025842237	7.36076486427611	6.51924380721056	7.52502072585424	6.64595541042022	6.46196228466937	7.50637669963566	6.88558139321337	7.08035015877266	7.70944313892117	6.83459499545515	7.16159036970276	8.15318760342465	6.99244894263926	7.19402872959764	7.09721205601963
"31380_at"	4.60885841571466	4.4747027419183	5.48303141732164	5.98549065837009	4.56187710287263	5.03511929490253	4.46978547439502	5.21184652247419	4.55729190164119	4.53471803163878	5.54045013155867	4.84471618086008	4.73571289789928	5.25208960836575	4.90556088041009	4.83209507945398	6.33799607438165	4.47181672208125	4.82739344303758	5.13561765803156
"31381_at"	4.36600200979665	4.07817639152784	4.86756798190117	4.17510248854046	5.05259437970565	4.05789931242377	4.59276222034805	4.54059037812164	4.12269895940645	5.29778843277409	4.18991993993056	4.99767078047416	4.53170465670324	4.3046936704621	4.5208162411738	5.24358707820388	5.36633381701743	4.75198223658395	4.4888381007792	4.37407460992897
"31382_f_at"	9.3098070653802	7.30269509619947	7.69084436951648	8.04640366593623	7.89013869054661	8.25311527339889	6.28846487901835	8.08353079657649	8.02572632513997	8.98313729792744	8.33878790014363	7.52089249588482	7.78944226716208	9.04936548152109	7.69610414430949	6.76789775364901	7.26869199646594	7.44556332198455	8.84016350937282	8.7291139730563
"31383_at"	6.44610429054886	7.09483154204781	5.56053938984488	6.88663601185029	6.17955282699752	6.01037243142512	7.33018885733305	5.6291445113024	5.99264064856008	5.66117292975479	6.43623883804828	6.17504241584416	6.04074259716715	5.7776857656678	6.80218468656324	6.00081315501417	6.14299479598409	5.76072796226823	6.53750232284549	7.07191178863551
"31384_at"	7.0600554314771	6.90461213442775	6.49287393422496	7.38545757281484	7.79024904333861	7.7268727341643	8.07984067662365	8.18547082715058	7.10396377842585	7.79921160389888	6.82200155549047	6.46272049396664	8.00174820749591	7.32075981446869	7.10970128518168	6.72396933837842	6.19605734611455	6.81400345141745	7.03056137267692	7.49440069866727
"31385_at"	9.05133560937457	8.28516609787673	8.56145670146834	9.46638960883718	9.20300001009211	9.1925599549778	8.85600051397958	9.61600164991886	8.70414870696013	9.07799082724386	9.10495174228736	8.79195910196659	8.51200231950998	8.77920182252993	9.56662070742295	8.72713069621374	8.16570295193793	8.5580956062926	8.76915024615143	9.53597715653432
"31386_at"	7.3550340465368	6.42011605944714	6.77906021209514	7.07212067783591	7.78711313349933	7.70496424167819	7.35759435579375	8.01334434476466	6.6967054432156	7.2210634734796	7.80966826384538	6.72735291820888	7.15200867880532	7.0071887311552	7.47772476327957	6.30521199607105	6.4581175089304	5.89920639269731	6.49868566216411	7.29426899504828
"31387_at"	6.52154740938594	7.022468322326	6.86225974359163	6.60616728839618	7.18000587780619	7.19301775469888	8.06442303446257	7.32718822934789	5.59888339004404	6.95515409157067	6.89370176251926	5.92958035245895	6.51351721533792	6.57647115163508	7.85189288865114	6.38841615388712	6.17013581604455	6.01605494095258	6.3108046078581	6.63907309814554
"31388_at"	6.30775967409163	6.25374749206847	6.80851767405569	5.86150654890231	7.14949450539942	6.42237337349392	7.11217956906262	7.42924746740904	5.43695903394578	6.8772510453687	6.70950752429249	6.00889512217036	6.43921783483906	6.57314180866385	7.33689785410666	6.22143095551731	6.26680456063743	5.50781286269674	6.14736435007772	6.30246575848765
"31389_at"	5.70585796227442	5.50166893969714	4.82841044157309	5.63783743522712	6.33478154608167	6.37289669838965	5.90270685501406	5.68122496358581	5.63835759365523	5.77411438867156	5.98865408512039	6.27286524169993	6.08913941665916	5.9733454216988	5.95319197782507	5.91712670567792	5.62649636778763	6.07419817617566	5.72742489864881	5.10029830514239
"31390_at"	6.73608287629671	6.71797675486036	7.31281796991502	5.64152394119947	7.78796560998948	8.12000366753523	6.81197184618323	6.92466731215635	6.31384633898126	7.84397744995609	6.83748895023429	6.8256090441998	6.8864564396462	6.65414578510712	6.40730471370512	6.7356324345064	6.76244680648714	6.98720509842569	6.6089372928334	6.61893503432734
"31391_at"	6.86806300867766	6.85349261618618	5.44383441248216	6.95244983415874	5.85137271509308	7.24145667528039	5.77660354620523	5.89016628414478	6.93542797608911	6.24912176519882	6.70104841746176	6.05273206878072	6.26836141195289	6.98955210581179	6.74692381798398	5.63080981152658	5.63220563929429	5.54285586122193	6.64843359711734	6.57864679144687
"31392_r_at"	7.42364944773571	6.99934480230781	7.74509795844947	6.45630120236255	9.03175924609108	8.33586106215146	7.92680155018019	7.29101487840964	7.34817116030866	7.51851778739243	7.69348849117078	6.65629722013425	7.56674382866986	7.12134173869498	7.48377494979422	7.42636182020928	8.19509726614906	7.41469743369684	7.28053106542045	7.36024911694358
"31393_r_at"	5.29493672012809	5.89482104823158	5.40855282927854	5.3784210866493	5.37433483397917	6.70345658036371	5.71185208449383	4.83536167023369	5.09827177143496	5.6776059133985	5.97071657800954	5.37960028847092	4.63542976167676	4.93391311274366	5.14290605715678	5.63658924299395	5.295770638868	5.1422272145741	5.3542275328859	4.60754490178034
"31394_at"	4.83492608266222	5.7376834555305	4.88771404979515	5.09412383674482	5.02797072097484	5.47340245952349	5.13050743743509	4.63544377800705	4.85672822469184	5.02393603205674	4.90344932018981	5.03799441567726	5.16512053293439	4.59193929667613	5.0386796050065	5.67511437746205	4.99268773488256	4.99300676322555	5.11928289698374	4.46379342130234
"31395_i_at"	5.15258976137212	6.49084995936241	5.6047635222552	5.44498932424338	5.90391977633211	5.93860169981566	5.4683251536539	5.26859802277864	5.22036909112519	5.64297099275203	5.20124301503003	5.5853701133017	5.8482503895787	4.9256466476963	5.33348413093793	6.14617187111434	5.3546690517912	5.2662209111397	5.78912298746819	5.17044862102594
"31396_r_at"	11.0981035777147	11.0120784138992	11.5158179927514	9.80695259845065	11.2367822904345	10.5399415863229	10.2953434486402	11.439945723703	9.90375756372909	12.0167108944333	10.7752294753294	10.1702749431687	9.19707220802029	9.1744518132723	11.1155611860025	11.9116925432102	10.9434510242065	10.3872398435523	12.0595330640723	11.6232229740044
"31397_at"	7.9035362590021	6.27629590481114	7.84203956472836	6.22219431350739	8.36661279093146	6.88866130051233	5.73034977764965	7.19542890007187	6.87251741004902	7.59539103112551	7.65903564434538	7.39415050366145	6.82709339105359	7.83468535711013	6.64957304372059	7.53882151260194	7.5874167702007	7.66277064080224	7.4134670717581	6.84296338289615
"31398_at"	7.08600806718289	6.40879946298809	6.04815576017232	6.12896287678401	7.1234912593307	6.33657088965872	7.74174819440585	6.2556643646182	5.99216814783204	7.71812285588425	5.84329551290499	6.93341387923087	6.15119573617168	5.94506755711441	7.81823127004293	7.4608929700148	6.37844137450757	6.70038830510943	7.15589238727073	6.49959318933131
"31399_at"	6.27221213466081	7.2309893153592	6.14449864160106	6.85798770866807	6.12739079855404	6.83992077027717	7.32226480464845	6.17821274641287	6.08185853103495	6.05891963907204	6.363559686309	6.71256038743415	6.12582839465183	6.16731224123091	6.70136096803673	6.33290292987922	5.89914279908186	5.92073332953988	6.35394413616324	6.2568057392673
"31400_at"	6.59808361219899	7.9992478396445	6.61123463031438	7.60407226809755	7.80504152930284	7.24157809949106	8.2454439250851	7.69464346837227	6.55143997618724	8.52499063913602	6.2891209161531	8.0016723524149	6.55807806277488	7.19454968253062	8.79122513055376	7.44443757679232	6.9050506741533	7.30358292156342	7.32265449868414	6.5430090901775
"31401_r_at"	6.24542821975447	7.21763484676495	5.47382930311531	8.87576488455888	7.85504476688057	6.07121501129768	7.97314455984903	5.1330086409391	4.97185176216608	6.08643935931268	7.0658974431534	5.52838556453406	6.53089186313239	5.69223476236837	6.66926503704063	5.1974164897968	5.54744427487738	6.10690695698183	6.4825364833938	5.63593815459298
"31402_at"	5.07238196737366	5.9554214442632	4.38723674245505	7.53987516678634	5.97917600240822	4.78076472302029	6.92811827234464	3.75146139815268	3.99054740307072	5.05557724032184	6.34928769431866	4.28393690873888	5.60143231175653	4.13471306247485	5.18095060008091	4.19818271500698	4.52496080081854	4.68591730536157	5.3757560527646	4.07607818579933
"31403_at"	6.39877402598609	6.66861723916204	6.08401615505131	7.99566579207465	6.90677190004434	5.94233366028208	7.48834639127061	4.60271768192795	5.14925017118924	6.45961000426778	7.91941022006668	5.24125773344456	6.9219389577191	4.90820736147545	6.74394794773523	5.22127208952513	5.72168031448045	5.9763639551202	6.88440184004317	5.12874007082587
"31404_at"	7.12201405779849	8.05382655867905	6.90074300548968	9.12446294730667	7.47837888224379	7.09595167064069	8.32319660447442	6.1579640644576	6.48864622324169	7.28685933830025	7.89102393206007	6.84238978147286	7.18823534059321	6.35034418812478	7.47805239004934	6.5265083490285	6.87650181080971	7.07202278720249	7.20295103978588	6.80075738708392
"31405_at"	7.61231255459532	8.29076584418507	7.10456625256501	9.52281712894929	8.43515952153613	7.29895961989321	8.93902226557846	6.17734782872298	6.6462965106055	7.58548818417923	8.57294869467025	7.02248805604446	8.05170003612453	6.97660144078816	7.99038748711008	6.9563147960532	7.33800096370813	7.40180438577995	7.93029943323809	6.96652617774262
"31406_at"	4.18319451189277	4.00768568212425	5.29853794335965	3.6208268477922	5.08671370368831	5.99192538845559	3.15025086618419	4.11507484619153	5.41910177539948	5.8331370398067	6.97770535551814	5.58023236292382	6.38819125170571	4.23251010038084	4.29860271360103	6.33220462155116	6.2426921078853	4.28545197367703	6.75088687177256	5.3765284141614
"31407_at"	3.78043509788631	3.75431439532778	4.61368887205487	3.55348765215286	4.22022973262337	5.2610506823199	3.59488832668136	3.58200506658659	4.70492076469472	4.40716470732077	6.0987386242779	4.39139800364605	5.4165729749564	3.93971621043437	3.73338953801059	5.11559820031991	5.12584541649448	4.03132918072281	5.21278662050311	4.49857512469368
"31408_at"	5.76858431219734	4.87498194584144	5.0486475018315	4.9701006216011	5.78481403836155	6.94635743444941	5.73448865182289	5.72480840801844	5.56223566885499	5.23778918128734	6.51245000021653	4.8777013134982	6.1467352616664	5.48063624307565	5.2223900523571	5.09116024318851	5.77516276443669	4.12489925507486	5.49394752606101	4.99588937954712
"31409_at"	5.08777245370092	5.39783876207608	4.5903729840837	6.55033112751164	5.27721726408031	5.43468407017731	6.59796975447155	5.43590610848433	4.90746328451484	4.50572855923058	4.86485719821	5.64858765155725	5.25506909419531	5.4674182817169	6.41522095671653	4.96442796036754	3.99696714936333	5.0249895718618	4.72976900462504	6.20745674143209
"31410_at"	7.62147994967649	8.10277792659976	8.42974151447905	7.45479289123144	8.25448400471726	6.63711008816056	8.12987035944667	6.5196200659294	8.25777322506721	7.9067954638303	8.02001716806616	7.85783299437529	8.09677784566473	6.43139349321232	8.75605688440309	8.3715446030506	7.35340009444328	7.07101314261404	8.30272306229736	7.58917992657992
"31411_at"	8.22128386333954	8.24124104654766	8.68150514435	7.57471545487182	8.21331386904722	8.2076200527184	8.08571734290087	8.40911323683047	8.07623024583484	8.84159157996726	8.16503619059554	8.71397006772646	8.93409209303247	8.29494564668873	8.29918798060157	8.51553703271971	8.41376864211835	8.28169212636616	8.52361800814753	8.39514533450416
"31412_at"	7.70275271349618	6.54664021060774	7.18631570116007	6.96159917511339	8.17692444871468	7.92090416208209	7.64292985225229	7.86961476514973	8.59458446600681	8.45291086694248	8.91241694207187	9.21832888362963	7.78209576635943	8.34026814660239	7.74142242108478	7.35697971578349	7.2591137401756	6.89177048764709	8.25357290441207	7.57243195554368
"31413_at"	4.25846778849583	4.08701114287264	4.08872897981036	4.09721964376836	3.84563198626795	4.40831461873421	3.51725450679581	3.86852138804145	4.93079872046675	3.88522359378096	3.91456755265222	3.55540019797953	3.69608738341873	3.95135804734373	3.71892369854621	3.67679739295765	4.08337608082158	3.77117714117795	4.36231853024456	4.00806290217658
"31414_at"	4.26891163917195	3.55105561706409	3.7078267551076	3.73839747989473	4.64246987467931	3.3422140444077	3.55991262525189	3.40544018937737	4.10028457403103	3.67880121626476	4.02548627722845	4.14023715370532	4.85811709669616	3.86694348949494	3.8720673466889	3.62868277985323	4.24831639514665	4.09191915993655	4.07388861828877	4.11428500605748
"31415_at"	7.12010659834179	6.42939607011604	5.87211267210947	5.86248466069612	7.63588193787723	6.63715161902977	8.31014422055295	7.37178753994918	6.36816139214021	7.07943302061954	6.77181121509024	7.3987071659368	7.00550703486984	6.14982829650009	8.71230349951952	5.35266909653005	5.27657022738781	5.57641706445366	6.3911576909283	6.41739610802147
"31416_at"	7.71793332918219	9.73873238245149	8.49285149734692	9.14549279774766	8.06024830723316	9.53064455519707	8.88771530942975	7.89230463185376	8.18883773342399	7.77330110451206	7.90787146457538	7.61286329045057	7.91926573214391	8.06593581379524	9.2841636727076	8.73876320068285	8.32298672831422	7.18705032301467	7.87237725986638	7.76944558656406
"31417_at"	9.22280342644046	7.3335289694356	9.02300074263511	7.81771552182683	9.778947855214	9.07356574874221	7.29440658281603	9.4153984220366	8.88679675482203	9.65776331254556	9.63647537581477	9.01566249369161	9.03531655676748	8.6681987010253	7.98983722176868	8.71161501727853	9.04118238479246	8.46443268312817	9.67257328189319	9.09639837633046
"31418_at"	6.25964425714806	6.22842596511848	5.96189815145496	6.27349019472895	6.75004115672793	6.75910265271692	6.94877379046762	5.98500526108199	6.07812312060472	6.23772262004354	6.26429709139634	6.11011236812765	6.83147966781448	5.9409644224781	7.05147289010573	6.01279913866128	6.11286833519411	6.03922097999338	6.14982161011725	6.35938452251042
"31419_r_at"	7.12792558697134	6.07567911362698	5.72952140092237	6.09334204463537	7.87399734022722	7.13687270711648	7.49804265940452	6.24991422897688	6.15619167234103	7.04754242059789	6.82384916980242	7.12937383930303	7.8683219250471	6.07291593290292	7.78795062331133	5.8918233933319	6.49773403028645	5.88530949427379	6.65788507471777	6.56676561766308
"31420_at"	10.3153415572077	7.75552393244895	9.96045561083535	9.17013628259573	10.2530952437464	10.0586912909399	9.04388173134603	9.459055201531	9.14806251765418	9.85703119000054	10.1953631228494	9.30252709368115	7.76866939296279	8.56548599193915	10.6946157114473	8.85032975189222	9.78180048699011	9.09091524006983	9.688923605031	9.41035933415195
"31421_at"	10.9523891387076	9.66481782632926	9.63575619328398	11.4211924717715	10.8976797417564	11.2050432927319	11.59394335087	10.3459033928676	11.0046798200639	10.2281417285417	10.836298664496	10.4616018831742	12.1829862059271	10.3048386176059	11.3848173738833	9.3838989527709	9.36959630587025	9.1859062544327	10.0538848039773	10.4849908624479
"31422_at"	8.26218800670599	6.65998019813198	6.86841206232538	6.43892998247074	8.15369726169312	7.15653132405723	7.0767983867519	6.48817336468385	7.2171308020839	7.45048983982021	7.1861131224427	6.16312689993018	9.30771249606416	6.37486845936495	6.82775352110906	6.59746117579927	7.44933411334144	6.80929171521045	9.40558921852779	7.86202845433824
"31423_at"	5.64494418252778	6.23414078092751	5.37808718761232	6.40396599729411	6.75686926001266	6.20380574555373	7.28333600441784	7.22986104967698	5.65394734563258	7.23431559556099	5.26872247031943	6.13829605189211	5.76435757027472	5.97834276107835	7.04944329285518	5.70970147879082	5.24601149053697	5.81090187036514	6.05094124898445	5.57770276062689
"31424_at"	7.47191689963619	7.26858894299426	7.43203131325251	6.52936287287671	6.43657883510783	6.5776456743891	6.16134695805507	6.34240674449695	8.10950808047332	7.89342347219868	7.12130187743724	6.53572501572297	8.37772826015059	7.04444538545896	6.84258060187387	8.01884406262133	9.1948070356367	7.363971852171	8.18390534524279	7.03536407121172
"31425_g_at"	6.29644262289614	5.45502180406953	6.96052131298802	5.00997697581518	7.38566219118234	6.41846106365769	5.60711664042003	5.8941856777202	5.78200723503459	7.09713473734645	6.86387816548478	5.84309874722838	7.58710251744999	6.22237163768999	5.4033873151642	7.29301415923133	7.61929045436527	6.90629748734362	6.41775958394166	5.74097821754066
"31426_at"	7.46409689377996	6.98674243314084	7.95371008243764	7.21344536656458	7.7718045543669	6.98496781039739	6.73188745574758	7.39962281904675	7.49652249943614	7.40601835371053	7.51261669332832	7.39055725575861	7.84930628741522	7.74885608364549	7.11697359746243	8.25122271894588	8.36474007621814	7.75475355501314	7.43504816417773	7.33863826999719
"31427_at"	6.88920832940038	7.21318603813657	7.0965760285149	7.38600543907663	7.03632836536518	7.33868681385762	7.67101113911897	7.4803860811877	5.83019497942409	6.78634108500193	7.11816888558724	7.64495782899473	6.98556751484477	7.22147653041032	7.52184995490163	6.97827179807194	6.87680353293782	7.52972615323572	7.30061111302833	6.91219311607294
"31428_at"	4.67644671473202	6.12411011515956	4.9166648110352	7.00748907169448	6.58021741930601	5.36472483813986	5.688077337675	5.26099386309535	4.49078643486918	6.39780889347642	5.40041361145656	5.07497757702877	4.44917328465237	4.70837842039518	5.35031350474406	5.24700621208347	4.69344013838247	5.63363343309337	4.93216654493421	4.97137643288536
"31429_at"	5.55533722149545	4.95041445174835	5.17365239590902	4.95514658153841	5.51867492014954	5.55763677655823	4.76186862437284	5.24181319714209	5.28253369342163	5.52107060987821	5.26001577840933	5.23635386377595	5.99146717822803	4.98350022136708	5.53395329905026	5.36603051335735	6.00791478714936	4.92194012618986	5.57087776346139	5.2985648794883
"31430_at"	4.78135489573343	3.55938419865139	4.10465802357806	3.62869558743867	4.00336206417341	6.41748116074184	3.98115305214657	3.50536801645241	4.73393872317958	3.39379651170862	3.33305782052926	3.22684413613103	4.00790576909509	3.79295909567311	3.58384024073995	3.60093064750791	5.33836014887222	3.61002694137934	3.87524512735893	3.99096960105143
"31431_at"	6.12843120855254	8.03621187222449	5.68651969454346	7.36777721743548	5.89126737483148	6.52150726336955	8.22080949920345	5.52975416584754	6.18221333606152	6.02820274608384	5.77554759513538	5.72333728636272	6.17213055735126	5.86877182909897	8.26312341537426	5.94755114410113	5.63864752744016	5.87656426727365	6.3583575888463	5.98475791283788
"31432_g_at"	5.87568582726495	6.09449622115363	5.68438886604864	6.99992048500507	6.03310837523622	6.01145657791722	7.12172026208493	6.51678611851833	5.34637738828866	5.39413404914679	5.52668805331891	5.64704085630851	6.24619140670523	6.21713912834349	6.96497530388531	5.75006495048909	4.84635524773649	6.16673436703979	5.64437271650399	6.96293771940511
"31433_at"	7.13074023436655	7.03661834477547	7.63592327485253	6.75849330191426	7.2337276402085	7.80986161798145	6.73020159947356	6.96483008353519	6.86837975683887	7.41417820767073	7.58293194724563	6.63309842276215	7.10468266479707	7.00567607995028	6.8551594174946	7.25628243469053	7.72248477053588	6.59252913453841	7.65709385312287	6.43029684076507
"31434_at"	4.24014363314713	4.89894679666922	3.89060855344285	4.59783920101886	4.52656676162594	4.87520330654445	4.93666756000669	4.09903601609153	3.67459056534905	4.28894641694355	4.65592373511638	4.03919907352758	4.28994758046216	4.31787777611584	4.44900928719287	4.37699638385819	4.0667767006291	4.02321679223322	4.17785748391695	4.3005498161645
"31435_at"	6.1486588130823	5.82838855996691	5.56674012933856	5.09162361853509	6.80986310891704	5.95236831807107	5.73893549282948	6.00369015283343	5.73023741737987	6.13800506120383	6.67907397963396	4.93991511675235	6.38804663566082	5.49885599962351	5.4123120920505	6.15001436183495	6.05572021048518	5.45666040677103	6.11295806668071	5.69211667809591
"31436_s_at"	5.11437822283935	6.43971024506088	5.0142817781966	5.73057943167847	4.91037621792956	5.94390776063008	5.97157201353904	5.24032139497663	5.01145935510092	5.21562206365429	5.21908221271838	5.57026184220831	4.90700063646189	5.41897369110933	5.08811701685144	4.88242932178757	5.1471113262284	4.95999629259574	4.75030263957773	4.62546241238512
"31437_r_at"	6.83646984939735	6.42951548408109	5.82253468492171	7.33257720307904	6.11594419649253	6.91936688018708	6.61279549647759	5.96690163371803	6.3791831575721	6.15420347652046	6.36471422766853	5.86276225688091	5.73128781840092	6.03382839617106	6.56869337410844	6.01830574026004	5.58198113801271	5.96792670651452	6.48106888040379	6.59851175465852
"31438_s_at"	6.47371420355133	5.17834912266679	5.22357629539706	6.50700210052582	5.05741363792553	5.99447118603056	5.21233457400684	4.8988926213298	6.68255851683819	5.89991562596396	5.56920491508029	5.47375230280316	5.01276084353371	5.04135897755227	5.36318595679816	5.50597042143936	5.03134800105068	4.73932747946791	5.79872211894911	5.91125574399255
"31439_f_at"	7.23121259655626	8.1867973938683	6.88561480105	8.64598825519705	7.22401341980895	7.45208339335894	8.7808336826902	7.07055526430833	7.89578594577449	6.62912867779913	7.10786280784637	7.49956756609028	7.19106192325483	7.065653679857	9.17538064539085	7.00073022664905	6.91020887397156	7.39193530084109	7.24041911779255	6.89114553828624
